0 0.98359375 0.4 0.0328125 0.05625
0 0.8359375 0.590625 0.0421875 0.0546875
0 0.99375 0.34609375 0.0125 0.0484375
0 0.98671875 0.28203125 0.0265625 0.0640625
0 0.64140625 0.11171875 0.04375 0.0515625
0 0.69609375 0.184375 0.0453125 0.0515625
0 0.721875 0.20859375 0.0390625 0.05
0 0.35546875 0.45078125 0.04375 0.0515625
0 0.475 0.86484375 0.0359375 0.0484375
0 0.22109375 0.871875 0.0484375 0.053125
0 0.521875 0.4640625 0.0359375 0.0484375
0 0.5828125 0.48125 0.040625 0.05
0 0.41796875 0.35703125 0.0484375 0.05625
0 0.284375 0.321875 0.0484375 0.053125
0 0.47265625 0.2875 0.0484375 0.0578125
0 0.52421875 0.1578125 0.046875 0.0515625
0 0.15546875 0.10546875 0.0421875 0.0640625
0 0.12421875 0.12265625 0.0515625 0.053125
0 0.421875 0.28984375 0.03125 0.04375
0 0.42890625 0.2609375 0.0359375 0.0484375
0 0.34453125 0.17109375 0.0390625 0.0546875
0 0.284375 0.16875 0.0484375 0.0640625
0 0.3953125 0.20546875 0.05 0.053125
0 0.4125 0.184375 0.0484375 0.0484375
0 0.4515625 0.11640625 0.0453125 0.05625
0 0.39453125 0.12265625 0.0421875 0.0546875
0 0.646875 0.1609375 0.0359375 0.0453125
0 0.6578125 0.13359375 0.04375 0.0515625
0 0.69609375 0.37734375 0.0515625 0.0640625
0 0.4890625 0.11015625 0.0515625 0.0671875
0 0.74453125 0.48515625 0.03125 0.04375
0 0.7453125 0.678125 0.0421875 0.0546875
0 0.67890625 0.56796875 0.0375 0.0453125
0 0.76171875 0.19375 0.0375 0.053125
0 0.98828125 0.5171875 0.0234375 0.04375
0 0.54140625 0.97890625 0.0390625 0.0421875