1 0.37421875 0.8875 0.0375 0.03125
1 0.42734375 0.86328125 0.0328125 0.025
1 0.321875 0.90546875 0.0421875 0.025
1 0.3484375 0.92265625 0.0328125 0.0234375
1 0.3296875 0.93984375 0.0328125 0.0234375
1 0.403125 0.934375 0.0484375 0.034375
1 0.38125 0.76171875 0.046875 0.028125
1 0.49453125 0.75390625 0.0359375 0.0265625
1 0.1609375 0.6828125 0.0328125 0.028125
1 0.10546875 0.7328125 0.0375 0.0375
1 0.15546875 0.60546875 0.04375 0.03125
1 0.21328125 0.63984375 0.046875 0.0296875
1 0.2046875 0.6734375 0.0375 0.034375
1 0.18984375 0.60859375 0.0359375 0.0328125
1 0.1578125 0.528125 0.028125 0.0359375
1 0.13046875 0.4234375 0.0375 0.0265625
1 0.03203125 0.38515625 0.0328125 0.0296875
1 0.075 0.37109375 0.0375 0.0296875
1 0.190625 0.39765625 0.0359375 0.0296875
1 0.2921875 0.74453125 0.0375 0.025
1 0.15078125 0.28203125 0.0359375 0.0328125
1 0.11328125 0.20625 0.0421875 0.03125
1 0.2015625 0.1515625 0.0328125 0.0328125
1 0.28203125 0.08515625 0.046875 0.0375
1 0.24296875 0.328125 0.0375 0.03125
1 0.31484375 0.25 0.0359375 0.0359375
1 0.384375 0.21171875 0.0359375 0.0328125
1 0.29765625 0.4890625 0.04375 0.028125
1 0.36171875 0.4015625 0.0390625 0.03125
1 0.409375 0.3921875 0.0328125 0.0234375
1 0.34609375 0.375 0.0328125 0.028125
1 0.421875 0.34140625 0.0328125 0.0234375
1 0.440625 0.31484375 0.0328125 0.0296875
1 0.41640625 0.49375 0.0421875 0.0296875
1 0.38125 0.53359375 0.0375 0.028125
1 0.3640625 0.478125 0.0421875 0.03125
1 0.46640625 0.5734375 0.0375 0.0265625
1 0.4359375 0.5453125 0.0421875 0.034375
1 0.5109375 0.61875 0.0375 0.0296875
1 0.53125 0.653125 0.0421875 0.03125
1 0.5109375 0.57421875 0.04375 0.034375
1 0.50078125 0.5078125 0.0421875 0.03125
1 0.78515625 0.33515625 0.0375 0.0265625
1 0.8046875 0.35078125 0.0328125 0.021875
1 0.8359375 0.49609375 0.0328125 0.028125
1 0.87109375 0.5609375 0.0328125 0.025
1 0.840625 0.56953125 0.0328125 0.028125
1 0.81484375 0.57109375 0.0328125 0.028125
1 0.8015625 0.85625 0.0375 0.025
1 0.79765625 0.83515625 0.0421875 0.0234375
1 0.81484375 0.93671875 0.04375 0.034375
1 0.91796875 0.82109375 0.0375 0.0265625
1 0.978125 0.84375 0.04375 0.025
1 0.89296875 0.77109375 0.0359375 0.028125
1 0.93125 0.78515625 0.0375 0.034375
1 0.86171875 0.80390625 0.04375 0.03125
1 0.9125 0.68046875 0.0375 0.0296875
1 0.946875 0.6453125 0.0359375 0.025
1 0.9625 0.71875 0.028125 0.028125
1 0.9390625 0.5296875 0.0359375 0.025
1 0.7765625 0.64921875 0.0390625 0.0265625
1 0.80390625 0.71875 0.04375 0.03125
1 0.746875 0.44453125 0.0390625 0.0234375
1 0.871875 0.38671875 0.0375 0.0265625
1 0.91875 0.39296875 0.0390625 0.0296875
1 0.928125 0.37265625 0.0484375 0.021875
1 0.91484375 0.484375 0.0375 0.0265625
1 0.87890625 0.34609375 0.0359375 0.0234375
1 0.84609375 0.3109375 0.0375 0.025
1 0.8765625 0.27265625 0.0328125 0.028125
1 0.9234375 0.23984375 0.0390625 0.025
1 0.8421875 0.21484375 0.0421875 0.034375
1 0.7515625 0.18125 0.0328125 0.028125
1 0.78203125 0.1765625 0.0328125 0.0328125
1 0.84921875 0.1390625 0.0359375 0.021875
1 0.90859375 0.203125 0.0421875 0.0265625
1 0.75390625 0.25234375 0.0359375 0.0328125
1 0.7234375 0.3375 0.0390625 0.03125
1 0.734375 0.38515625 0.0328125 0.0234375
1 0.640625 0.29453125 0.0421875 0.025
1 0.628125 0.3765625 0.028125 0.0171875
1 0.72734375 0.31171875 0.0375 0.034375
1 0.65390625 0.25546875 0.0421875 0.0265625
1 0.97265625 0.42265625 0.0359375 0.025
1 0.87421875 0.1953125 0.0375 0.03125
1 0.696875 0.09921875 0.0375 0.03125