1 0.65234375 0.37265625 0.059375 0.0171875
1 0.70859375 0.375 0.053125 0.01875
1 0.665625 0.39765625 0.03125 0.0203125
1 0.45703125 0.36328125 0.053125 0.0171875
1 0.725 0.3421875 0.059375 0.01875
1 0.64921875 0.3109375 0.053125 0.021875
1 0.62890625 0.40234375 0.053125 0.0171875
1 0.5859375 0.36171875 0.059375 0.0203125
1 0.8109375 0.33203125 0.059375 0.0203125
1 0.73515625 0.32734375 0.053125 0.0171875
1 0.8640625 0.315625 0.059375 0.025
1 0.8078125 0.3125 0.053125 0.01875
1 0.84140625 0.3 0.053125 0.01875
1 0.84140625 0.28515625 0.0390625 0.0234375
1 0.68203125 0.28359375 0.053125 0.0140625
1 0.68203125 0.2734375 0.053125 0.01875
1 0.70234375 0.3125 0.053125 0.025
1 0.6984375 0.23125 0.034375 0.0125
1 0.51640625 0.3546875 0.053125 0.01875
1 0.5296875 0.41015625 0.053125 0.0140625
1 0.51640625 0.40390625 0.0390625 0.0140625
1 0.496875 0.39375 0.040625 0.01875
1 0.39765625 0.36796875 0.0390625 0.0203125
1 0.5296875 0.3171875 0.040625 0.015625
1 0.5796875 0.32578125 0.046875 0.0140625
1 0.46015625 0.33046875 0.0453125 0.0171875
1 0.44375 0.34375 0.040625 0.015625
1 0.37421875 0.3375 0.0453125 0.021875
1 0.37734375 0.31953125 0.053125 0.0203125
1 0.3640625 0.303125 0.040625 0.025
1 0.43046875 0.3140625 0.0390625 0.021875
1 0.48671875 0.29609375 0.0453125 0.0140625
1 0.48984375 0.3125 0.0390625 0.01875
1 0.60625 0.28515625 0.046875 0.0171875
1 0.56953125 0.2609375 0.053125 0.01875
1 0.56328125 0.2984375 0.053125 0.021875
1 0.6390625 0.234375 0.046875 0.01875
1 0.725 0.21484375 0.046875 0.0140625
1 0.559375 0.2390625 0.03125 0.021875
1 0.73828125 0.28515625 0.0453125 0.0234375
1 0.79453125 0.24921875 0.0390625 0.0171875
1 0.8015625 0.2609375 0.040625 0.01875
1 0.79140625 0.28046875 0.0328125 0.0203125
1 0.6359375 0.21015625 0.040625 0.0171875
1 0.51640625 0.2640625 0.0390625 0.01875
1 0.48984375 0.259375 0.053125 0.021875
1 0.446875 0.225 0.059375 0.025
1 0.5 0.2234375 0.046875 0.021875
1 0.43671875 0.271875 0.053125 0.021875
1 0.66875 0.16796875 0.053125 0.0234375