2 0.609375 0.15390625 0.0390625 0.0421875
2 0.55546875 0.2328125 0.034375 0.0375
2 0.48203125 0.33984375 0.0359375 0.0375
2 0.42265625 0.4140625 0.028125 0.034375
2 0.38828125 0.459375 0.040625 0.0546875
2 0.41171875 0.4453125 0.03125 0.0453125
2 0.13359375 0.40078125 0.0453125 0.0484375
2 0.20625 0.41015625 0.0484375 0.059375
2 0.240625 0.47578125 0.040625 0.0484375
2 0.2421875 0.44140625 0.0390625 0.0421875
2 0.2703125 0.45390625 0.034375 0.0453125
2 0.26640625 0.42421875 0.0328125 0.0375
2 0.3140625 0.47109375 0.0359375 0.0453125
2 0.3375 0.44375 0.034375 0.0375
2 0.33984375 0.55234375 0.034375 0.0421875
2 0.37265625 0.57578125 0.0296875 0.04375
2 0.39921875 0.59765625 0.0390625 0.0328125
2 0.396875 0.56875 0.0390625 0.0375
2 0.4265625 0.57578125 0.0390625 0.0390625
2 0.46796875 0.5671875 0.046875 0.0484375
2 0.51171875 0.60625 0.0390625 0.0375
2 0.48203125 0.51015625 0.03125 0.0484375
2 0.5046875 0.51328125 0.0328125 0.0546875
2 0.54609375 0.58671875 0.0484375 0.0484375
2 0.61484375 0.63828125 0.040625 0.05
2 0.5953125 0.6453125 0.0328125 0.04375