2 0.67734375 0.71484375 0.04375 0.07578125
2 0.72421875 0.8609375 0.0375 0.08828125
2 0.62890625 0.8953125 0.028125 0.05703125
2 0.584375 0.70859375 0.028125 0.07578125
2 0.584375 0.6421875 0.028125 0.06953125
2 0.4296875 0.746875 0.03125 0.07578125
2 0.484375 0.503125 0.034375 0.06953125
2 0.54375 0.3671875 0.034375 0.06328125
2 0.61875 0.17109375 0.028125 0.06328125
2 0.71484375 0.278125 0.03125 0.06328125
2 0.81953125 0.6515625 0.034375 0.06328125
2 0.83671875 0.65859375 0.025 0.05078125
2 0.79296875 0.478125 0.04375 0.06953125
2 0.84609375 0.48125 0.025 0.07578125
2 0.88125 0.6390625 0.03125 0.07578125
2 0.80703125 0.1265625 0.046875 0.07578125
2 0.925 0.3765625 0.04375 0.05703125