0 0.15546875 0.31953125 0.053125 0.0625
0 0.12265625 0.315625 0.065625 0.0703125
0 0.36328125 0.24609375 0.059375 0.06875
0 0.2421875 0.69296875 0.0484375 0.05625
0 0.51015625 0.51796875 0.0671875 0.078125
0 0.44140625 0.37265625 0.059375 0.059375
0 0.83515625 0.690625 0.059375 0.071875
0 0.459375 0.84921875 0.0578125 0.0703125
0 0.3453125 0.62109375 0.053125 0.0625
0 0.2296875 0.78359375 0.0546875 0.0671875
0 0.13828125 0.76171875 0.0546875 0.065625
0 0.1125 0.78671875 0.05 0.0609375
0 0.4421875 0.48671875 0.059375 0.0640625
0 0.26875 0.61171875 0.0484375 0.0515625
0 0.38046875 0.7015625 0.046875 0.05
0 0.55859375 0.484375 0.0375 0.0515625
0 0.58125 0.48828125 0.0515625 0.05625
0 0.790625 0.6421875 0.059375 0.059375
0 0.7125 0.478125 0.0625 0.0703125
0 0.834375 0.5671875 0.05 0.0609375
0 0.8578125 0.64140625 0.0546875 0.0578125
0 0.609375 0.565625 0.0671875 0.08125
0 0.3734375 0.5734375 0.059375 0.0734375
0 0.4640625 0.603125 0.065625 0.075
0 0.28515625 0.97109375 0.0421875 0.0578125
0 0.3625 0.93359375 0.0484375 0.05625