1 0.80078125 0.215625 0.15625 0.0796875
1 0.88359375 0.28203125 0.1015625 0.0984375
1 0.91953125 0.8515625 0.1484375 0.1015625
1 0.7953125 0.9296875 0.1265625 0.071875
1 0.9046875 0.6609375 0.165625 0.1046875
1 0.8 0.59765625 0.178125 0.1328125
1 0.76875 0.6640625 0.125 0.1
1 0.63046875 0.88515625 0.19375 0.11875
1 0.7359375 0.30859375 0.1375 0.0984375
1 0.63203125 0.56796875 0.1421875 0.128125
1 0.440625 0.8703125 0.1546875 0.103125
1 0.46015625 0.728125 0.1125 0.1203125
1 0.51796875 0.55859375 0.121875 0.1125
1 0.55625 0.0703125 0.140625 0.0828125
1 0.51171875 0.1328125 0.1375 0.0671875
1 0.64140625 0.20625 0.1140625 0.0953125
1 0.609375 0.29140625 0.1375 0.0671875
1 0.584375 0.1734375 0.1234375 0.0625
1 0.31171875 0.09375 0.11875 0.0890625
1 0.559375 0.259375 0.146875 0.0921875
1 0.440625 0.21796875 0.1296875 0.0859375
1 0.47421875 0.29921875 0.1015625 0.0921875
1 0.34296875 0.275 0.1125 0.090625
1 0.2125 0.2203125 0.1125 0.0953125
1 0.0515625 0.17109375 0.103125 0.0828125
1 0.02578125 0.12890625 0.0515625 0.0609375
1 0.04921875 0.23203125 0.0984375 0.0609375
1 0.0984375 0.3359375 0.1140625 0.1015625
1 0.43671875 0.40625 0.16875 0.084375
1 0.3375 0.509375 0.1390625 0.1109375
1 0.4421875 0.48046875 0.1453125 0.0765625
1 0.3921875 0.58125 0.16875 0.0921875
1 0.384375 0.7265625 0.1375 0.1109375
1 0.2875 0.74453125 0.140625 0.09375
1 0.12578125 0.68671875 0.2015625 0.1140625
1 0.21328125 0.85234375 0.1703125 0.1328125
1 0.11796875 0.94921875 0.1171875 0.1015625