1 0.559375 0.7515625 0.0390625 0.0359375
1 0.3671875 0.6859375 0.0375 0.0515625
1 0.3375 0.63046875 0.040625 0.0453125
1 0.35625 0.33203125 0.040625 0.05
1 0.51484375 0.2 0.05 0.05625
1 0.50625 0.4390625 0.0421875 0.0609375
1 0.5296875 0.39296875 0.0390625 0.040625
1 0.52734375 0.2890625 0.0375 0.05
1 0.6390625 0.41328125 0.0390625 0.0390625
1 0.659375 0.584375 0.0453125 0.0484375
1 0.6421875 0.64453125 0.0375 0.046875
1 0.5875 0.715625 0.046875 0.0578125
1 0.6078125 0.7125 0.034375 0.04375
1 0.61796875 0.6921875 0.0359375 0.040625
1 0.62109375 0.67109375 0.0328125 0.0484375