1 0.11171875 0.11640625 0.12890625 0.2328125
1 0.221875 0.2640625 0.12890625 0.2515625
1 0.17421875 0.57265625 0.12265625 0.2515625
1 0.10546875 0.8015625 0.12890625 0.2578125
1 0.29375 0.8109375 0.08515625 0.2890625
1 0.38046875 0.83046875 0.12578125 0.2515625
1 0.56640625 0.946875 0.10078125 0.09453125
1 0.37890625 0.34609375 0.09765625 0.2765625
1 0.471875 0.32421875 0.10078125 0.2453125
1 0.5375 0.3109375 0.10703125 0.2578125
1 0.5234375 0.490625 0.11640625 0.2515625
1 0.553125 0.65078125 0.13203125 0.2328125
1 0.64296875 0.62578125 0.11015625 0.2703125
1 0.7421875 0.56953125 0.15703125 0.2578125
1 0.71875 0.35859375 0.12265625 0.2765625
1 0.65390625 0.17578125 0.11328125 0.2640625
1 0.7953125 0.16328125 0.12578125 0.2515625
1 0.89609375 0.2328125 0.11953125 0.2765625
1 0.90546875 0.06328125 0.11328125 0.12578125
1 0.55546875 0.053125 0.0828125 0.10625
1 0.24609375 0.046875 0.0734375 0.09375