1 0.92578125 0.81640625 0.0671875 0.0984375
1 0.9671875 0.11640625 0.065625 0.0984375
1 0.67109375 0.20703125 0.0609375 0.08125
1 0.7140625 0.42265625 0.059375 0.0828125
1 0.63359375 0.52421875 0.05625 0.0734375
1 0.58984375 0.55390625 0.0609375 0.0765625
1 0.56328125 0.75078125 0.0640625 0.071875
1 0.59609375 0.05 0.059375 0.0734375
1 0.55390625 0.1296875 0.078125 0.09375
1 0.5359375 0.19296875 0.06875 0.0765625
1 0.521875 0.2484375 0.071875 0.0765625
1 0.5421875 0.371875 0.071875 0.0734375
1 0.5703125 0.35625 0.071875 0.0875
1 0.57421875 0.446875 0.0890625 0.09375
1 0.5390625 0.56796875 0.0609375 0.0703125
1 0.5171875 0.61328125 0.05625 0.0703125
1 0.53203125 0.66015625 0.0640625 0.071875
1 0.4546875 0.79609375 0.0625 0.065625
1 0.4921875 0.7703125 0.0625 0.0703125
1 0.46796875 0.6859375 0.0828125 0.09375
1 0.4328125 0.71171875 0.06875 0.0875
1 0.46796875 0.5984375 0.065625 0.071875
1 0.47578125 0.55234375 0.071875 0.071875
1 0.51484375 0.42109375 0.0796875 0.09375
1 0.471875 0.4296875 0.071875 0.0765625
1 0.4578125 0.47265625 0.0515625 0.08125
1 0.43203125 0.5203125 0.05625 0.0875
1 0.40078125 0.56640625 0.0484375 0.071875
1 0.38359375 0.6578125 0.075 0.071875
1 0.36640625 0.5859375 0.065625 0.065625
1 0.32265625 0.5359375 0.071875 0.0765625
1 0.45234375 0.35390625 0.065625 0.0625
1 0.41171875 0.33125 0.0671875 0.0765625
1 0.4296875 0.19140625 0.0859375 0.071875
1 0.39765625 0.075 0.0671875 0.0921875
1 0.321875 0.25390625 0.0671875 0.0703125
1 0.290625 0.16875 0.0546875 0.090625
1 0.23359375 0.15859375 0.059375 0.0828125
1 0.0625 0.16171875 0.059375 0.0765625
1 0.178125 0.2390625 0.0546875 0.065625
1 0.15234375 0.30859375 0.0484375 0.075
1 0.190625 0.33359375 0.06875 0.0984375
1 0.30625 0.39296875 0.06875 0.103125
1 0.38203125 0.38359375 0.0546875 0.0625
1 0.1390625 0.38046875 0.0640625 0.0671875
1 0.140625 0.42265625 0.075 0.0671875
1 0.2453125 0.57890625 0.0734375 0.0921875
1 0.28203125 0.70390625 0.0671875 0.0765625
1 0.35390625 0.8 0.065625 0.103125
1 0.1875 0.659375 0.0734375 0.0890625
1 0.24921875 0.671875 0.071875 0.071875
1 0.14921875 0.6109375 0.071875 0.071875
1 0.16015625 0.57578125 0.0703125 0.0640625