2 0.2765625 0.40625 0.0421875 0.06875
2 0.30078125 0.3 0.0421875 0.0671875
2 0.32109375 0.21328125 0.0421875 0.0703125
2 0.2078125 0.64140625 0.040625 0.0734375
2 0.3734375 0.02265625 0.040625 0.0453125
2 0.334375 0.01796875 0.05 0.0359375
2 0.16875 0.7828125 0.04375 0.0625
2 0.8 0.846875 0.078125 0.125
2 0.82109375 0.78984375 0.0640625 0.103125
2 0.78671875 0.64140625 0.059375 0.096875
2 0.659375 0.29453125 0.059375 0.0796875
2 0.678125 0.2375 0.053125 0.09375
2 0.71328125 0.2 0.053125 0.1046875
2 0.6078125 0.325 0.075 0.121875
2 0.8703125 0.2515625 0.0546875 0.0984375
2 0.9140625 0.27578125 0.0578125 0.125
2 0.86328125 0.453125 0.0609375 0.1140625
2 0.8609375 0.36796875 0.0703125 0.1265625
2 0.8859375 0.10546875 0.05 0.0640625
2 0.9875 0.44609375 0.025 0.1140625