2 0.58125 0.31171875 0.096875 0.1078125
2 0.765625 0.1390625 0.09375 0.1140625
2 0.7359375 0.11953125 0.0875 0.1078125
2 0.66875 0.22578125 0.0921875 0.10625
2 0.63515625 0.21171875 0.09375 0.1109375
2 0.55390625 0.29296875 0.0890625 0.1140625
2 0.51171875 0.37734375 0.0890625 0.0796875
2 0.47109375 0.41171875 0.090625 0.0875
2 0.2609375 0.67109375 0.0984375 0.0984375
2 0.41484375 0.4703125 0.1046875 0.1
2 0.36640625 0.43671875 0.090625 0.1
2 0.203125 0.721875 0.103125 0.096875
2 0.15234375 0.68984375 0.0796875 0.075