0 0.975 0.37265625 0.05 0.0671875
0 0.9921875 0.428125 0.015625 0.046875
0 0.70234375 0.5859375 0.1109375 0.078125
0 0.8390625 0.37734375 0.08125 0.0640625
0 0.8546875 0.40859375 0.06875 0.059375
0 0.840625 0.7765625 0.071875 0.053125
0 0.81328125 0.87734375 0.0625 0.0546875
0 0.65234375 0.93984375 0.05625 0.046875
0 0.63671875 0.92109375 0.059375 0.040625
0 0.81875 0.64375 0.0609375 0.046875
0 0.8375 0.5546875 0.0734375 0.05625
0 0.8328125 0.51328125 0.0703125 0.0671875
0 0.884375 0.56875 0.0640625 0.0546875
0 0.7359375 0.521875 0.0703125 0.0625
0 0.7171875 0.3734375 0.08125 0.0703125
0 0.74609375 0.47265625 0.05625 0.053125
0 0.63671875 0.525 0.0640625 0.0640625
0 0.68046875 0.503125 0.0625 0.0546875
0 0.7078125 0.4796875 0.0625 0.0546875
0 0.71796875 0.13046875 0.0578125 0.0578125
0 0.49375 0.55625 0.0703125 0.0609375
0 0.465625 0.53046875 0.0703125 0.065625
0 0.4578125 0.86640625 0.075 0.065625
0 0.42734375 0.83046875 0.08125 0.0484375
0 0.4484375 0.80703125 0.0609375 0.0484375
0 0.43828125 0.778125 0.071875 0.0484375
0 0.01953125 0.87890625 0.0390625 0.0484375
0 0.1 0.8828125 0.0671875 0.046875
0 0.24609375 0.6828125 0.0765625 0.06875
0 0.48828125 0.68671875 0.1015625 0.0734375
0 0.4203125 0.68046875 0.0625 0.05
0 0.3375 0.64765625 0.0640625 0.0515625
0 0.303125 0.63828125 0.065625 0.0484375
0 0.34140625 0.72109375 0.0640625 0.040625
0 0.43515625 0.73984375 0.0609375 0.04375
0 0.40390625 0.5578125 0.06875 0.053125
0 0.29140625 0.44609375 0.071875 0.05
0 0.378125 0.45859375 0.0625 0.04375
0 0.34765625 0.4953125 0.0640625 0.0546875
0 0.29765625 0.559375 0.065625 0.0484375
0 0.22265625 0.53203125 0.0890625 0.0796875
0 0.32265625 0.80625 0.0671875 0.0546875
0 0.378125 0.6265625 0.05625 0.0484375
0 0.340625 0.590625 0.0671875 0.05
0 0.52890625 0.48203125 0.0953125 0.0609375
0 0.49453125 0.446875 0.075 0.046875
0 0.60859375 0.47265625 0.0625 0.0546875
0 0.609375 0.43359375 0.0765625 0.0546875
0 0.5734375 0.36484375 0.0796875 0.0578125
0 0.671875 0.43984375 0.05 0.040625
0 0.47421875 0.228125 0.1015625 0.0703125
0 0.61953125 0.26484375 0.0625 0.0515625
0 0.62734375 0.32109375 0.05625 0.046875
0 0.590625 0.321875 0.053125 0.05625
0 0.12109375 0.35078125 0.0734375 0.05625
0 0.2125 0.0140625 0.084375 0.028125
0 0.1625 0.0640625 0.06875 0.053125
0 0.13125 0.09375 0.0890625 0.078125
0 0.2265625 0.2765625 0.0703125 0.0421875