1 0.10546875 0.86015625 0.2109375 0.1453125
1 0.2453125 0.7609375 0.2609375 0.1453125
1 0.55 0.8296875 0.259375 0.140625
1 0.7734375 0.91484375 0.2671875 0.146875
1 0.79609375 0.72734375 0.2953125 0.1046875
1 0.82109375 0.6421875 0.259375 0.14375
1 0.95 0.46484375 0.1 0.1078125
1 0.33828125 0.61015625 0.2828125 0.1171875
1 0.32265625 0.515625 0.2515625 0.1171875
1 0.3140625 0.44921875 0.265625 0.1234375
1 0.4921875 0.47578125 0.2578125 0.1328125
1 0.65390625 0.4578125 0.240625 0.146875
1 0.63515625 0.36640625 0.278125 0.1296875
1 0.5859375 0.26328125 0.26875 0.1734375
1 0.37421875 0.271875 0.284375 0.140625
1 0.1875 0.32421875 0.271875 0.1328125
1 0.184375 0.18203125 0.259375 0.1421875
1 0.2609375 0.0859375 0.2859375 0.1390625
1 0.09296875 0.06484375 0.134375 0.121875
1 0.0578125 0.41328125 0.1125 0.090625
1 0.03984375 0.72109375 0.0796875 0.0796875