1 0.11640625 0.2875 0.10703125 0.034375
1 0.028125 0.32734375 0.05625 0.025
1 0.01875 0.3015625 0.0375 0.025
1 0.046875 0.303125 0.04375 0.028125
1 0.0375 0.25625 0.06328125 0.028125
1 0.10390625 0.2265625 0.09453125 0.025
1 0.14140625 0.33046875 0.04375 0.03125
1 0.06953125 0.34765625 0.06328125 0.028125
1 0.10390625 0.35078125 0.04375 0.021875
1 0.37421875 0.33515625 0.10703125 0.040625
1 0.2078125 0.24375 0.10078125 0.034375
1 0.2171875 0.2171875 0.08203125 0.03125
1 0.43671875 0.37421875 0.08203125 0.03125
1 0.44375 0.2609375 0.06953125 0.03125
1 0.34921875 0.2390625 0.06953125 0.03125
1 0.39609375 0.2453125 0.07578125 0.03125
1 0.31484375 0.20625 0.05 0.034375
1 0.2671875 0.16953125 0.05625 0.03125
1 0.2984375 0.13671875 0.04375 0.034375
1 0.50625 0.1921875 0.10703125 0.03125
1 0.41171875 0.190625 0.09453125 0.034375
1 0.42109375 0.12890625 0.08828125 0.0375
1 0.42734375 0.10859375 0.11328125 0.034375
1 0.56640625 0.12265625 0.08828125 0.03125
1 0.7328125 0.221875 0.06953125 0.034375
1 0.86796875 0.09921875 0.06328125 0.028125
1 0.8109375 0.09609375 0.05 0.021875