0 0.675 0.35390625 0.0515625 0.059375
0 0.66953125 0.38671875 0.0453125 0.046875
0 0.75859375 0.30625 0.0453125 0.059375
0 0.83515625 0.3484375 0.0578125 0.0609375
0 0.72265625 0.29296875 0.040625 0.05
0 0.57265625 0.7328125 0.053125 0.065625
0 0.6375 0.45078125 0.059375 0.071875
0 0.61796875 0.51171875 0.05625 0.0734375
0 0.64140625 0.5203125 0.0515625 0.0625
0 0.57578125 0.6203125 0.0640625 0.071875
0 0.425 0.62109375 0.0453125 0.0515625
0 0.45234375 0.61875 0.05 0.0640625
0 0.4875 0.60859375 0.05625 0.065625
0 0.50703125 0.83671875 0.06875 0.078125
0 0.44609375 0.71328125 0.05 0.0671875
0 0.25078125 0.68515625 0.05 0.0640625
0 0.26484375 0.69375 0.04375 0.05625
0 0.384375 0.81875 0.05 0.0671875
0 0.3328125 0.6953125 0.046875 0.0578125
0 0.3265625 0.8 0.053125 0.0640625
0 0.1015625 0.57265625 0.0484375 0.0609375
0 0.3984375 0.92265625 0.0546875 0.0703125
0 0.5015625 0.93125 0.0484375 0.0578125
0 0.20625 0.678125 0.046875 0.05625
0 0.13984375 0.7125 0.05 0.0671875
0 0.090625 0.7203125 0.04375 0.0515625
0 0.56484375 0.253125 0.040625 0.05
0 0.31640625 0.53203125 0.0578125 0.078125
0 0.1734375 0.38125 0.0515625 0.059375
0 0.19296875 0.353125 0.0484375 0.0578125
0 0.47734375 0.51484375 0.0546875 0.06875
0 0.47421875 0.2265625 0.0515625 0.0625
0 0.28046875 0.81015625 0.04375 0.0546875
0 0.0453125 0.4625 0.0703125 0.084375
0 0.3796875 0.33125 0.053125 0.0734375
0 0.4 0.31796875 0.059375 0.071875
0 0.3953125 0.490625 0.05625 0.078125