2 0.4625 0.18984375 0.0265625 0.025
2 0.50625 0.15546875 0.028125 0.0203125
2 0.5296875 0.1578125 0.0328125 0.0203125
2 0.50625 0.19140625 0.0328125 0.021875
2 0.48828125 0.21484375 0.0328125 0.025
2 0.47734375 0.23515625 0.0328125 0.0203125
2 0.5734375 0.365625 0.0265625 0.0203125
2 0.57109375 0.40625 0.0265625 0.0234375
2 0.58671875 0.40703125 0.0265625 0.0171875
2 0.6328125 0.4515625 0.0328125 0.0203125
2 0.80234375 0.4171875 0.028125 0.021875
2 0.78359375 0.4328125 0.0328125 0.025
2 0.7453125 0.4359375 0.028125 0.0203125
2 0.896875 0.515625 0.0328125 0.021875
2 0.765625 0.5109375 0.0390625 0.021875
2 0.57890625 0.48046875 0.0328125 0.0265625
2 0.546875 0.48984375 0.0328125 0.0171875
2 0.51875 0.48828125 0.028125 0.025
2 0.81875 0.63046875 0.028125 0.0203125
2 0.80390625 0.62578125 0.028125 0.021875
2 0.72265625 0.64296875 0.0328125 0.021875
2 0.6109375 0.565625 0.0265625 0.0203125
2 0.68125 0.578125 0.0328125 0.0203125
2 0.703125 0.6671875 0.0265625 0.0171875
2 0.696875 0.67265625 0.028125 0.021875
2 0.771875 0.73984375 0.0328125 0.0203125
2 0.7609375 0.71953125 0.028125 0.021875
2 0.77109375 0.68359375 0.0328125 0.0171875
2 0.5765625 0.69453125 0.028125 0.0203125
2 0.6 0.7296875 0.0265625 0.0265625
2 0.63359375 0.69921875 0.0171875 0.0140625
2 0.41953125 0.653125 0.028125 0.021875
2 0.4 0.64453125 0.028125 0.021875
2 0.49609375 0.696875 0.0328125 0.0203125
2 0.48359375 0.7 0.028125 0.021875
2 0.43125 0.70625 0.028125 0.025
2 0.42734375 0.71953125 0.0328125 0.021875
2 0.38125 0.53671875 0.0265625 0.025
2 0.4015625 0.5046875 0.0328125 0.021875
2 0.290625 0.24375 0.0328125 0.025
2 0.259375 0.1828125 0.0203125 0.0171875
2 0.278125 0.31484375 0.0265625 0.021875
2 0.23671875 0.3421875 0.0328125 0.0203125
2 0.2578125 0.34765625 0.0328125 0.021875
2 0.12109375 0.38046875 0.0328125 0.021875
2 0.2171875 0.4125 0.0328125 0.0171875
2 0.2671875 0.471875 0.0265625 0.021875
2 0.240625 0.45078125 0.0328125 0.0203125
2 0.2359375 0.4640625 0.0390625 0.025
2 0.16640625 0.46875 0.0328125 0.0203125
2 0.15859375 0.51484375 0.0328125 0.021875
2 0.1890625 0.51484375 0.0328125 0.0171875
2 0.5140625 0.52578125 0.0203125 0.0171875
2 0.3828125 0.61953125 0.0328125 0.021875
2 0.39921875 0.68671875 0.0328125 0.021875
2 0.38828125 0.69375 0.0328125 0.021875
2 0.359375 0.696875 0.0265625 0.0171875