0 0.153125 0.11015625 0.03984375 0.07734375
0 0.38671875 0.66640625 0.046875 0.08359375
0 0.31484375 0.4734375 0.03671875 0.0890625
0 0.45859375 0.440625 0.03671875 0.07109375
0 0.6453125 0.92890625 0.04296875 0.07109375
0 0.53828125 0.79765625 0.03671875 0.07109375
0 0.53671875 0.6578125 0.0265625 0.07734375
0 0.51796875 0.5359375 0.03671875 0.059375
0 0.48203125 0.75625 0.04296875 0.08359375
0 0.48203125 0.86328125 0.03671875 0.07109375
0 0.4703125 0.9734375 0.03359375 0.04140625
0 0.68203125 0.63671875 0.04296875 0.059375
0 0.73359375 0.44609375 0.03984375 0.059375
0 0.66328125 0.57734375 0.03359375 0.059375
0 0.6796875 0.48203125 0.03984375 0.07109375
0 0.553125 0.39609375 0.0265625 0.05390625
0 0.61171875 0.7234375 0.0296875 0.05390625
0 0.61328125 0.6875 0.03359375 0.05390625
0 0.48671875 0.61328125 0.03984375 0.07109375
0 0.6265625 0.39296875 0.03984375 0.059375
0 0.65703125 0.371875 0.03984375 0.05390625
0 0.671875 0.05078125 0.03671875 0.0890625
0 0.56015625 0.25 0.03359375 0.059375
0 0.58203125 0.2796875 0.03671875 0.059375
0 0.4796875 0.3453125 0.03359375 0.07109375
0 0.45 0.184375 0.03359375 0.059375
0 0.421875 0.2203125 0.0234375 0.059375
0 0.43359375 0.20234375 0.03984375 0.04765625
0 0.56171875 0.5625 0.0296875 0.065625