2 0.19296875 0.440625 0.0234375 0.02578125
2 0.15625 0.48203125 0.01953125 0.02578125
2 0.15625 0.50546875 0.01953125 0.03125
2 0.19140625 0.484375 0.01953125 0.03125
2 0.21640625 0.46875 0.0234375 0.03125
2 0.2375 0.45859375 0.01953125 0.03125
2 0.3609375 0.5640625 0.01953125 0.02578125
2 0.4015625 0.5640625 0.0234375 0.02578125
2 0.4015625 0.5796875 0.015625 0.02578125
2 0.4421875 0.62890625 0.01953125 0.03125
2 0.39609375 0.79609375 0.01953125 0.02578125
2 0.41328125 0.778125 0.0234375 0.03125
2 0.41875 0.73984375 0.01953125 0.02578125
2 0.48828125 0.896875 0.01953125 0.03125
2 0.4921875 0.765625 0.01953125 0.0359375
2 0.475 0.57734375 0.0234375 0.03125
2 0.48671875 0.54609375 0.015625 0.03125
2 0.48671875 0.51796875 0.0234375 0.02578125
2 0.6078125 0.82734375 0.01953125 0.02578125
2 0.60390625 0.81171875 0.01953125 0.02578125
2 0.62734375 0.73203125 0.01953125 0.03125
2 0.5578125 0.615625 0.01953125 0.02578125
2 0.565625 0.6859375 0.01953125 0.03125
2 0.65234375 0.7140625 0.015625 0.02578125
2 0.65859375 0.70859375 0.01953125 0.02578125
2 0.7203125 0.78828125 0.01953125 0.03125
2 0.70078125 0.77578125 0.01953125 0.02578125
2 0.6640625 0.78359375 0.015625 0.03125
2 0.6890625 0.58984375 0.01953125 0.02578125
2 0.721875 0.615625 0.0234375 0.02578125
2 0.6890625 0.646875 0.01171875 0.015625
2 0.65859375 0.43046875 0.01953125 0.02578125
2 0.65078125 0.41015625 0.01953125 0.02578125
2 0.696875 0.51015625 0.01953125 0.03125
2 0.70078125 0.49765625 0.01953125 0.02578125
2 0.71015625 0.44609375 0.0234375 0.02578125
2 0.72421875 0.44296875 0.01953125 0.03125
2 0.54453125 0.384375 0.0234375 0.02578125
2 0.51171875 0.40234375 0.01953125 0.03125
2 0.25859375 0.2734375 0.0234375 0.03125
2 0.20078125 0.2375 0.015625 0.0203125
2 0.33046875 0.265625 0.01953125 0.02578125
2 0.3609375 0.2265625 0.01953125 0.03125
2 0.36484375 0.24765625 0.01953125 0.03125
2 0.40703125 0.11328125 0.01953125 0.03125
2 0.4328125 0.21171875 0.015625 0.03125
2 0.48828125 0.265625 0.01953125 0.02578125
2 0.46875 0.2375 0.01953125 0.03125
2 0.4828125 0.234375 0.0234375 0.0359375
2 0.4921875 0.16484375 0.01953125 0.03125
2 0.53828125 0.16015625 0.01953125 0.03125
2 0.53671875 0.190625 0.015625 0.03125
2 0.525 0.515625 0.015625 0.0203125
2 0.62734375 0.39140625 0.01953125 0.03125
2 0.69296875 0.4125 0.01953125 0.03125
2 0.70078125 0.40234375 0.01953125 0.03125
2 0.70625 0.3734375 0.015625 0.02578125