2 0.10625 0.7359375 0.0890625 0.128125
2 0.271875 0.11015625 0.0734375 0.13828125
2 0.3046875 0.228125 0.07734375 0.11796875
2 0.33359375 0.33359375 0.0890625 0.13359375
2 0.37265625 0.428125 0.065625 0.1078125
2 0.65625 0.9515625 0.08515625 0.0765625
2 0.9 0.86640625 0.06953125 0.08203125
2 0.30078125 0.93828125 0.06171875 0.1125
2 0.3359375 0.84375 0.05390625 0.09765625
2 0.38828125 0.7515625 0.08125 0.09765625
2 0.63671875 0.6484375 0.1 0.11796875
2 0.39765625 0.6359375 0.06171875 0.1234375
2 0.8109375 0.39453125 0.09296875 0.0921875
2 0.5484375 0.29765625 0.06953125 0.10234375
2 0.58671875 0.21796875 0.06953125 0.1078125
2 0.646875 0.21796875 0.10390625 0.13828125
2 0.7125 0.31796875 0.08125 0.10234375