0 0.38046875 0.4140625 0.09375 0.06875
0 0.2578125 0.40625 0.0578125 0.0453125
0 0.6109375 0.41171875 0.0640625 0.04375
0 0.36640625 0.35 0.0578125 0.0421875
0 0.528125 0.32890625 0.0859375 0.06875
0 0.74140625 0.346875 0.0625 0.0421875
0 0.77421875 0.3546875 0.0578125 0.0546875
0 0.80859375 0.3390625 0.0640625 0.0578125
0 0.7734375 0.39140625 0.040625 0.0359375
0 0.7859375 0.421875 0.075 0.0625
0 0.74921875 0.44140625 0.059375 0.0484375
0 0.7265625 0.47421875 0.0671875 0.0578125
0 0.76484375 0.48203125 0.0703125 0.065625
0 0.66328125 0.590625 0.084375 0.0609375
0 0.628125 0.625 0.065625 0.046875
0 0.6265625 0.69765625 0.05 0.0359375
0 0.56484375 0.840625 0.0625 0.0609375
0 0.59765625 0.81796875 0.05625 0.05
0 0.4609375 0.971875 0.059375 0.0515625
0 0.48984375 0.9 0.0671875 0.05
0 0.46328125 0.94921875 0.0546875 0.0484375
0 0.5140625 0.95703125 0.0671875 0.05