0 0.2265625 0.0984375 0.065625 0.0484375
0 0.8140625 0.51953125 0.05625 0.0484375
0 0.74609375 0.4046875 0.053125 0.0421875
0 0.4140625 0.17109375 0.053125 0.0453125
0 0.4609375 0.21484375 0.05625 0.04375
0 0.49921875 0.2453125 0.05 0.046875
0 0.56015625 0.26484375 0.0578125 0.053125
0 0.66953125 0.3875 0.065625 0.0484375
0 0.6546875 0.353125 0.0515625 0.0375
0 0.57265625 0.3 0.0484375 0.040625
0 0.62734375 0.32421875 0.04375 0.0375
0 0.746875 0.44140625 0.0578125 0.04375
0 0.8515625 0.61796875 0.053125 0.05
0 0.8265625 0.63515625 0.05625 0.0484375
0 0.62578125 0.7640625 0.0546875 0.0484375
0 0.7109375 0.7203125 0.05 0.046875
0 0.78984375 0.6671875 0.0484375 0.040625
0 0.5703125 0.77421875 0.05625 0.0390625
0 0.77265625 0.69140625 0.0515625 0.0375
0 0.6703125 0.7328125 0.0421875 0.034375
0 0.5671875 0.78984375 0.04375 0.034375
0 0.590625 0.72578125 0.05 0.034375