0 0.3765625 0.8484375 0.06875 0.0796875
0 0.24765625 0.71640625 0.05 0.059375
0 0.653125 0.39375 0.0609375 0.0453125
0 0.58359375 0.34375 0.0421875 0.0375
0 0.44296875 0.46640625 0.0421875 0.0421875
0 0.62890625 0.46328125 0.0328125 0.040625
0 0.62734375 0.490625 0.0484375 0.0390625
0 0.5078125 0.44609375 0.0515625 0.04375
0 0.575 0.44453125 0.0625 0.0515625
0 0.1859375 0.77109375 0.0328125 0.034375
0 0.19296875 0.70390625 0.0359375 0.034375
0 0.18515625 0.67265625 0.0421875 0.04375
0 0.1609375 0.60390625 0.04375 0.0484375
0 0.3734375 0.62109375 0.04375 0.0484375
0 0.43671875 0.7125 0.053125 0.0515625
0 0.42421875 0.559375 0.0421875 0.0375
0 0.4109375 0.6390625 0.05 0.05
0 0.415625 0.66484375 0.034375 0.046875
0 0.38515625 0.703125 0.0328125 0.0375
0 0.41015625 0.70078125 0.0328125 0.040625
0 0.36328125 0.58984375 0.0515625 0.046875
0 0.4765625 0.65234375 0.0359375 0.0296875
0 0.46953125 0.66875 0.0359375 0.0296875
0 0.47265625 0.696875 0.03125 0.03125
0 0.4890625 0.67734375 0.040625 0.034375
0 0.5046875 0.6671875 0.0421875 0.04375
0 0.5 0.634375 0.0328125 0.0375
0 0.51953125 0.615625 0.0375 0.0375
0 0.56953125 0.78671875 0.0421875 0.04375
0 0.81328125 0.86328125 0.0453125 0.04375
0 0.7015625 0.79296875 0.053125 0.0515625
0 0.678125 0.92734375 0.0328125 0.0375
0 0.48984375 0.89296875 0.0375 0.0390625
0 0.70546875 0.88671875 0.0359375 0.0328125
0 0.684375 0.84765625 0.0328125 0.0375
0 0.60546875 0.74921875 0.0453125 0.04375
0 0.65546875 0.76875 0.0359375 0.034375
0 0.6375 0.7578125 0.034375 0.0328125
0 0.66875 0.828125 0.0421875 0.0453125
0 0.946875 0.79296875 0.0390625 0.0515625
0 0.8234375 0.73984375 0.0609375 0.0484375
0 0.67421875 0.73515625 0.046875 0.046875
0 0.69921875 0.72578125 0.0390625 0.046875
0 0.53984375 0.678125 0.025 0.028125
0 0.546875 0.66171875 0.034375 0.0296875
0 0.784375 0.67890625 0.0515625 0.040625
0 0.75703125 0.65546875 0.05625 0.0453125
0 0.71484375 0.66640625 0.040625 0.034375
0 0.865625 0.66015625 0.0546875 0.046875
0 0.9765625 0.584375 0.0390625 0.0515625
0 0.92734375 0.61171875 0.0421875 0.04375
0 0.9046875 0.53515625 0.0328125 0.0421875
0 0.98359375 0.44375 0.0328125 0.04375
0 0.8265625 0.45 0.0515625 0.046875
0 0.83671875 0.56484375 0.0390625 0.0421875
0 0.859375 0.56953125 0.0359375 0.0390625
0 0.7515625 0.425 0.0375 0.0421875
0 0.81328125 0.4015625 0.0421875 0.0375
0 0.8 0.41171875 0.0375 0.0375
0 0.859375 0.35 0.05 0.034375
0 0.67890625 0.52734375 0.0359375 0.0375
0 0.7234375 0.50390625 0.0421875 0.0375
0 0.72734375 0.4765625 0.0421875 0.0421875
0 0.66875 0.54921875 0.0421875 0.0421875
0 0.85234375 0.6171875 0.0546875 0.04375
0 0.75703125 0.5828125 0.0375 0.04375
0 0.6046875 0.62109375 0.04375 0.034375
0 0.68359375 0.61953125 0.04375 0.05
0 0.7 0.5859375 0.0375 0.0375
0 0.625 0.709375 0.0484375 0.0453125