1 0.3453125 0.36875 0.0703125 0.059375
1 0.09921875 0.30078125 0.0828125 0.0546875
1 0.08671875 0.2671875 0.0875 0.0515625
1 0.65 0.621875 0.1109375 0.05
1 0.2671875 0.6484375 0.08125 0.0484375
1 0.871875 0.70546875 0.0953125 0.05625
1 0.76640625 0.7515625 0.1125 0.0609375
1 0.87265625 0.77109375 0.0703125 0.0484375
1 0.80625 0.79921875 0.0890625 0.0546875
1 0.6234375 0.7921875 0.109375 0.0703125
1 0.6609375 0.83828125 0.0984375 0.05625
1 0.67265625 0.86328125 0.09375 0.05625
1 0.6234375 0.90234375 0.0703125 0.053125
1 0.54765625 0.896875 0.0875 0.05
1 0.39140625 0.77421875 0.1015625 0.0734375
1 0.32578125 0.85703125 0.0703125 0.053125
1 0.240625 0.81875 0.1 0.05625
1 0.16875 0.853125 0.09375 0.05625
1 0.265625 0.91640625 0.0578125 0.0515625
1 0.2 0.921875 0.0828125 0.05
1 0.5375 0.1765625 0.1109375 0.046875
1 0.275 0.18203125 0.096875 0.0421875