0 0.25078125 0.4796875 0.06953125 0.071875
0 0.48671875 0.79140625 0.05390625 0.07734375
0 0.76484375 0.72421875 0.05390625 0.0671875
0 0.33984375 0.5875 0.04609375 0.06171875
0 0.35546875 0.54140625 0.06171875 0.06171875
0 0.4328125 0.43046875 0.06953125 0.05703125
0 0.42109375 0.5078125 0.04609375 0.0671875
0 0.4328125 0.559375 0.05390625 0.0671875
0 0.55625 0.428125 0.05390625 0.06171875
0 0.4828125 0.6109375 0.03828125 0.07734375
0 0.4984375 0.54609375 0.04609375 0.0828125
0 0.68359375 0.39140625 0.05390625 0.071875
0 0.7703125 0.325 0.0578125 0.071875
0 0.75703125 0.4046875 0.04609375 0.0671875
0 0.82421875 0.4765625 0.05 0.07734375
0 0.721875 0.60078125 0.05390625 0.0671875
0 0.7875 0.2296875 0.04609375 0.07734375
0 0.53671875 0.603125 0.05390625 0.071875
0 0.828125 0.3296875 0.05 0.0828125
0 0.68125 0.55703125 0.034375 0.06171875