0 0.57890625 0.5453125 0.0453125 0.0359375
0 0.59140625 0.53515625 0.0515625 0.0359375
0 0.58984375 0.4796875 0.0453125 0.03125
0 0.59296875 0.45859375 0.05 0.0359375
0 0.4609375 0.56328125 0.053125 0.040625
0 0.38046875 0.459375 0.0453125 0.0359375
0 0.52734375 0.43984375 0.0484375 0.03125
0 0.553125 0.38984375 0.0453125 0.03125
0 0.4375 0.33359375 0.0390625 0.0296875
0 0.47578125 0.51953125 0.0453125 0.03125
0 0.48203125 0.39453125 0.0453125 0.0359375
0 0.359375 0.39921875 0.040625 0.0359375
0 0.384375 0.5671875 0.053125 0.040625
0 0.50390625 0.48125 0.0515625 0.0421875
0 0.46015625 0.82421875 0.046875 0.0375
0 0.59296875 0.94140625 0.040625 0.0328125
0 0.56640625 0.953125 0.0515625 0.0359375
0 0.61328125 0.8328125 0.0453125 0.034375
0 0.50078125 0.90390625 0.0453125 0.034375
0 0.4140625 0.9015625 0.0375 0.028125
0 0.33984375 0.8546875 0.0375 0.028125
0 0.35 0.784375 0.0390625 0.0296875
0 0.4515625 0.94140625 0.046875 0.0375
0 0.5609375 0.8609375 0.0453125 0.0359375
0 0.9515625 0.66015625 0.05 0.0359375
0 0.94765625 0.6875 0.0515625 0.0375
0 0.90859375 0.678125 0.0640625 0.0484375
0 0.86484375 0.7546875 0.05 0.0328125
0 0.7671875 0.771875 0.065625 0.0484375
0 0.40234375 0.86328125 0.0390625 0.03125
0 0.284375 0.7765625 0.034375 0.0265625
0 0.2640625 0.75703125 0.0375 0.0265625
0 0.26875 0.96484375 0.053125 0.040625