0 0.2875 0.2609375 0.1296875 0.128125
0 0.3765625 0.33046875 0.1078125 0.0921875
0 0.37109375 0.2765625 0.1109375 0.1078125
0 0.4875 0.353125 0.0875 0.078125
0 0.44296875 0.2953125 0.090625 0.0734375
0 0.42578125 0.33984375 0.1078125 0.1015625
0 0.2796875 0.334375 0.10625 0.1046875
0 0.5203125 0.425 0.06875 0.0625
0 0.56875 0.34375 0.065625 0.0546875
0 0.575 0.5765625 0.0484375 0.040625
0 0.56953125 0.48828125 0.0546875 0.046875
0 0.60078125 0.60234375 0.05 0.04375
0 0.64453125 0.540625 0.0640625 0.0578125
0 0.4421875 0.38671875 0.075 0.0765625