1 0.790625 0.6203125 0.040625 0.021875
1 0.72734375 0.62421875 0.0453125 0.025
1 0.75078125 0.60234375 0.0390625 0.021875
1 0.75703125 0.58515625 0.0453125 0.025
1 0.725 0.5640625 0.0390625 0.0203125
1 0.75625 0.54375 0.0390625 0.021875
1 0.696875 0.48984375 0.0390625 0.0203125
1 0.67890625 0.51015625 0.0453125 0.0203125
1 0.72578125 0.47890625 0.0453125 0.01875
1 0.6875 0.44375 0.05 0.021875
1 0.69140625 0.425 0.0515625 0.0234375
1 0.72109375 0.42421875 0.0453125 0.025
1 0.665625 0.54375 0.0453125 0.021875
1 0.5875 0.59296875 0.0453125 0.025
1 0.5578125 0.5953125 0.040625 0.01875
1 0.55390625 0.584375 0.0453125 0.01875
1 0.62109375 0.5421875 0.0453125 0.025
1 0.60625 0.55625 0.034375 0.021875
1 0.6046875 0.53671875 0.034375 0.025
1 0.75 0.4109375 0.040625 0.025
1 0.740625 0.39921875 0.034375 0.0125
1 0.68671875 0.3796875 0.0390625 0.0171875
1 0.6 0.484375 0.0453125 0.0203125
1 0.6390625 0.4296875 0.0453125 0.028125
1 0.61875 0.45 0.0453125 0.0203125
1 0.615625 0.50625 0.040625 0.025
1 0.62421875 0.4109375 0.0390625 0.025
1 0.64140625 0.39453125 0.0453125 0.025
1 0.596875 0.41171875 0.040625 0.021875
1 0.54140625 0.50703125 0.0453125 0.021875
1 0.52578125 0.52109375 0.0453125 0.025
1 0.525 0.5359375 0.0390625 0.025
1 0.54296875 0.55390625 0.040625 0.021875
1 0.565625 0.56171875 0.040625 0.025
1 0.5640625 0.4765625 0.0390625 0.0203125
1 0.54921875 0.46640625 0.0359375 0.0203125
1 0.53984375 0.490625 0.0328125 0.0171875
1 0.515625 0.49140625 0.040625 0.0203125
1 0.51484375 0.48046875 0.040625 0.0203125
1 0.50234375 0.4671875 0.040625 0.021875
1 0.54609375 0.434375 0.0453125 0.0203125
1 0.55 0.41875 0.0453125 0.021875
1 0.55234375 0.4078125 0.040625 0.021875
1 0.51328125 0.43828125 0.0453125 0.025
1 0.51484375 0.57578125 0.0453125 0.021875
1 0.49453125 0.56640625 0.0390625 0.021875
1 0.5046875 0.5546875 0.0390625 0.021875
1 0.4796875 0.54921875 0.0453125 0.0203125
1 0.45703125 0.44609375 0.040625 0.021875
1 0.4171875 0.525 0.0453125 0.0203125
1 0.43515625 0.478125 0.0453125 0.025
1 0.4421875 0.49765625 0.0453125 0.0203125
1 0.4 0.45390625 0.0453125 0.021875
1 0.35625 0.48671875 0.0390625 0.0203125
1 0.3609375 0.50546875 0.0359375 0.0296875
1 0.4328125 0.54609375 0.040625 0.0203125
1 0.41171875 0.55703125 0.040625 0.025
1 0.41171875 0.584375 0.0359375 0.021875
1 0.35859375 0.6015625 0.0453125 0.025
1 0.346875 0.59609375 0.0453125 0.025
1 0.365625 0.559375 0.0453125 0.0203125
1 0.3828125 0.5390625 0.0390625 0.0203125
1 0.38203125 0.528125 0.0390625 0.0203125
1 0.32265625 0.51171875 0.0453125 0.0296875
1 0.32578125 0.54140625 0.0453125 0.0203125
1 0.32734375 0.5578125 0.0453125 0.03125
1 0.3125 0.490625 0.0515625 0.021875
1 0.32578125 0.4765625 0.0453125 0.025
1 0.33046875 0.44765625 0.0390625 0.025
1 0.27578125 0.534375 0.0453125 0.0203125
1 0.2921875 0.5953125 0.0453125 0.021875
1 0.2734375 0.5125 0.0453125 0.0296875
1 0.28515625 0.615625 0.040625 0.0171875
1 0.26953125 0.56796875 0.040625 0.0296875
1 0.26796875 0.54765625 0.0421875 0.0328125
1 0.27734375 0.46171875 0.0390625 0.028125
1 0.26953125 0.46953125 0.0359375 0.0296875
1 0.23984375 0.47890625 0.040625 0.028125