0 0.0578125 0.2703125 0.02890625 0.04921875
0 0.02890625 0.1203125 0.02890625 0.04375
0 0.15234375 0.49453125 0.02890625 0.04921875
0 0.05625 0.21328125 0.02578125 0.04375
0 0.0796875 0.153125 0.03671875 0.0546875
0 0.47109375 0.0875 0.0328125 0.04375
0 0.3984375 0.1421875 0.0328125 0.04375
0 0.3671875 0.15859375 0.02890625 0.04375
0 0.65234375 0.4921875 0.0328125 0.04375
0 0.4234375 0.8578125 0.02578125 0.04375
0 0.665625 0.934375 0.03671875 0.04375
0 0.4890625 0.459375 0.02578125 0.04375
0 0.42578125 0.459375 0.02890625 0.04375
0 0.61796875 0.38515625 0.03671875 0.04921875
0 0.75625 0.38828125 0.03671875 0.04375
0 0.58515625 0.303125 0.03671875 0.04921875
0 0.57109375 0.1640625 0.03671875 0.04375
0 0.93984375 0.215625 0.02578125 0.06015625
0 0.965625 0.240625 0.03984375 0.04375
0 0.6328125 0.31953125 0.021875 0.03828125
0 0.634375 0.28984375 0.02578125 0.04375
0 0.73984375 0.2265625 0.02578125 0.04921875
0 0.7984375 0.240625 0.0328125 0.0546875
0 0.68203125 0.24609375 0.03984375 0.04375
0 0.67109375 0.22109375 0.03984375 0.03828125
0 0.65234375 0.14453125 0.0328125 0.04921875
0 0.95234375 0.0515625 0.03671875 0.06015625
0 0.70546875 0.16640625 0.02890625 0.04921875
0 0.45234375 0.13359375 0.02578125 0.03828125
0 0.44921875 0.10390625 0.0328125 0.04375
0 0.3453125 0.328125 0.03671875 0.0546875
0 0.61796875 0.128125 0.03671875 0.06015625
0 0.26875 0.41796875 0.021875 0.03828125
0 0.21484375 0.60390625 0.02890625 0.04921875
0 0.309375 0.51640625 0.02890625 0.03828125
0 0.0796875 0.0328125 0.02890625 0.04375
0 0.3328125 0.13359375 0.02578125 0.04921875
0 0.01796875 0.3796875 0.02890625 0.03828125
0 0.32578125 0.95390625 0.02578125 0.04921875