2 0.05078125 0.44765625 0.08125 0.059375
2 0.26875 0.4640625 0.06875 0.046875
2 0.26953125 0.4921875 0.0640625 0.04375
2 0.32109375 0.5109375 0.06875 0.0640625
2 0.409375 0.43828125 0.0578125 0.05
2 0.40390625 0.51875 0.0484375 0.0421875
2 0.93984375 0.48125 0.053125 0.0546875
2 0.546875 0.72734375 0.05 0.05
2 0.49921875 0.5453125 0.0578125 0.05625
2 0.646875 0.57890625 0.071875 0.0515625
2 0.55390625 0.55546875 0.05 0.040625
2 0.69765625 0.5890625 0.053125 0.053125
2 0.7484375 0.6078125 0.0578125 0.0421875
2 0.91171875 0.6296875 0.0546875 0.0453125