2 0.365625 0.3140625 0.134375 0.140625
2 0.353125 0.96640625 0.084375 0.0671875
2 0.38828125 0.88359375 0.096875 0.1015625
2 0.3765625 0.79453125 0.1296875 0.134375
2 0.41328125 0.721875 0.1234375 0.1296875
2 0.4796875 0.58203125 0.0890625 0.0890625
2 0.56015625 0.49921875 0.0921875 0.0890625
2 0.66640625 0.24921875 0.1 0.103125
2 0.646875 0.3046875 0.0921875 0.0921875
2 0.6078125 0.36015625 0.1078125 0.115625
2 0.53671875 0.396875 0.13125 0.128125
2 0.50078125 0.45390625 0.128125 0.134375
2 0.4828125 0.6578125 0.0671875 0.06875