0 0.4875 0.4375 0.02890625 0.04375
0 0.4671875 0.434375 0.0328125 0.02734375
0 0.43125 0.5546875 0.01796875 0.03828125
0 0.46171875 0.66953125 0.02890625 0.03828125
0 0.40546875 0.58984375 0.02578125 0.0328125
0 0.4328125 0.50234375 0.021875 0.0328125
0 0.41484375 0.4484375 0.021875 0.0328125
0 0.3875 0.44296875 0.02578125 0.0328125
0 0.4 0.48671875 0.021875 0.0328125
0 0.46015625 0.63125 0.02578125 0.02734375
0 0.46328125 0.52734375 0.02578125 0.02734375
0 0.46015625 0.5953125 0.01796875 0.0328125
0 0.434375 0.4375 0.02578125 0.0328125
0 0.42578125 0.62265625 0.021875 0.0328125
0 0.40390625 0.5109375 0.02890625 0.02734375
0 0.42734375 0.8578125 0.02578125 0.04375
0 0.4546875 0.90703125 0.02890625 0.0328125
0 0.46171875 0.7734375 0.021875 0.03828125
0 0.5109375 0.70234375 0.01796875 0.02734375
0 0.490625 0.78671875 0.021875 0.0328125
0 0.54921875 0.73203125 0.021875 0.0328125
0 0.4796875 0.72109375 0.02890625 0.0328125
0 0.53125 0.6421875 0.021875 0.03828125
0 0.54765625 0.61171875 0.01796875 0.0328125
0 0.54921875 0.65 0.021875 0.021875
0 0.56171875 0.609375 0.01796875 0.02734375
0 0.534375 0.67734375 0.021875 0.0328125
0 0.5796875 0.715625 0.01796875 0.0328125
0 0.55625 0.7625 0.021875 0.02734375
0 0.63125 0.47578125 0.01796875 0.021875
0 0.64921875 0.5 0.01796875 0.02734375
0 0.72734375 0.4890625 0.021875 0.02734375
0 0.6421875 0.36328125 0.01796875 0.02734375
0 0.64765625 0.478125 0.021875 0.02734375
0 0.7203125 0.37734375 0.021875 0.0328125
0 0.67421875 0.50234375 0.01796875 0.0328125
0 0.67421875 0.521875 0.02578125 0.02734375
0 0.7015625 0.51640625 0.02890625 0.03828125
0 0.5578125 0.4921875 0.01796875 0.0328125