0 0.15859375 0.03046875 0.0484375 0.0609375
0 0.24609375 0.02890625 0.0421875 0.0578125
0 0.19921875 0.0671875 0.05 0.075
0 0.27578125 0.01953125 0.0515625 0.0390625
0 0.4734375 0.15234375 0.0515625 0.065625
0 0.515625 0.0890625 0.05 0.0609375
0 0.28828125 0.37265625 0.0640625 0.0765625
0 0.384375 0.1734375 0.046875 0.059375
0 0.38671875 0.20703125 0.053125 0.0625
0 0.40625 0.1796875 0.053125 0.0625
0 0.5359375 0.24765625 0.0515625 0.065625
0 0.49375 0.271875 0.059375 0.0734375
0 0.3796875 0.31328125 0.0546875 0.0671875
0 0.36328125 0.3421875 0.05 0.0671875
0 0.6140625 0.31640625 0.065625 0.0765625
0 0.57578125 0.3390625 0.059375 0.0734375
0 0.69921875 0.27734375 0.04375 0.0546875
0 0.734375 0.45078125 0.0484375 0.0703125
0 0.4515625 0.35859375 0.0484375 0.0703125
0 0.4171875 0.34375 0.040625 0.0578125
0 0.2109375 0.55859375 0.053125 0.0671875
0 0.2484375 0.56640625 0.059375 0.0828125
0 0.4359375 0.4875 0.053125 0.071875
0 0.44609375 0.4453125 0.059375 0.0640625
0 0.6375 0.6671875 0.053125 0.0625
0 0.63671875 0.83828125 0.0484375 0.053125
0 0.63125 0.87265625 0.0484375 0.0546875
0 0.62890625 0.63125 0.053125 0.0625
0 0.540625 0.68046875 0.0546875 0.06875
0 0.5171875 0.59609375 0.0484375 0.0546875
0 0.4046875 0.56328125 0.059375 0.0578125
0 0.4078125 0.61953125 0.0546875 0.06875
0 0.48359375 0.66953125 0.053125 0.0671875
0 0.496875 0.7453125 0.0515625 0.065625
0 0.303125 0.659375 0.0515625 0.071875
0 0.31796875 0.77734375 0.0515625 0.065625
0 0.36484375 0.7015625 0.0546875 0.06875
0 0.415625 0.7890625 0.0578125 0.0671875
0 0.53828125 0.97890625 0.0453125 0.0421875
0 0.39296875 0.9671875 0.05 0.0515625
0 0.24609375 0.88671875 0.0625 0.065625
0 0.2375 0.91171875 0.053125 0.053125
0 0.2734375 0.60078125 0.0515625 0.053125
0 0.30234375 0.58984375 0.0671875 0.071875
0 0.1203125 0.81171875 0.05 0.0515625
0 0.12578125 0.840625 0.05 0.0609375
0 0.13359375 0.86015625 0.0484375 0.0609375
0 0.18125 0.81015625 0.0484375 0.0546875
0 0.35859375 0.75859375 0.0484375 0.053125