0 0.79765625 0.38203125 0.1015625 0.1046875
0 0.7015625 0.44140625 0.0671875 0.09375
0 0.75390625 0.45546875 0.0859375 0.0890625
0 0.6421875 0.53828125 0.059375 0.0734375
0 0.7125 0.51640625 0.0515625 0.0796875
0 0.67578125 0.48515625 0.078125 0.0890625
0 0.73046875 0.34921875 0.0828125 0.0859375
0 0.56328125 0.54453125 0.0484375 0.0578125
0 0.6234375 0.61796875 0.040625 0.05625
0 0.40234375 0.54453125 0.028125 0.0421875
0 0.48671875 0.56953125 0.0359375 0.0453125
0 0.36953125 0.559375 0.03125 0.0421875
0 0.4125 0.621875 0.04375 0.053125
0 0.62578125 0.484375 0.0625 0.059375