2 0.9359375 0.778125 0.0703125 0.0828125
2 0.88984375 0.22734375 0.0625 0.0875
2 0.51875 0.39921875 0.078125 0.090625
2 0.34453125 0.5390625 0.071875 0.0921875
2 0.5546875 0.28671875 0.0765625 0.0859375
2 0.3140625 0.075 0.0859375 0.09375
2 0.25859375 0.1703125 0.065625 0.0734375
2 0.2421875 0.225 0.078125 0.08125
2 0.20625 0.3140625 0.0703125 0.09375
2 0.18984375 0.65234375 0.059375 0.0609375
2 0.2875 0.6171875 0.0578125 0.065625
2 0.39921875 0.57890625 0.0484375 0.0578125
2 0.4296875 0.565625 0.0625 0.06875
2 0.45390625 0.54609375 0.0546875 0.0625
2 0.490625 0.5109375 0.0921875 0.096875
2 0.53671875 0.525 0.065625 0.0671875
2 0.56484375 0.4984375 0.0640625 0.06875
2 0.6140625 0.47421875 0.053125 0.059375
2 0.63984375 0.465625 0.0515625 0.059375
2 0.66328125 0.45546875 0.0484375 0.053125
2 0.6921875 0.44921875 0.0515625 0.059375
2 0.75078125 0.42421875 0.0609375 0.0609375
2 0.79296875 0.396875 0.0671875 0.078125
2 0.83828125 0.39296875 0.0546875 0.0546875
2 0.90859375 0.40390625 0.05 0.053125
2 0.88203125 0.421875 0.0578125 0.0609375
2 0.8453125 0.43359375 0.053125 0.059375
2 0.81484375 0.44921875 0.053125 0.05
2 0.78203125 0.4625 0.0546875 0.0625
2 0.73984375 0.48515625 0.065625 0.0625
2 0.671875 0.51015625 0.0453125 0.0515625
2 0.64140625 0.52890625 0.0484375 0.0578125
2 0.61796875 0.5390625 0.0484375 0.053125
2 0.5875 0.55234375 0.0578125 0.0609375
2 0.52734375 0.58359375 0.0546875 0.059375
2 0.434375 0.621875 0.0515625 0.046875
2 0.62109375 0.89453125 0.065625 0.078125
2 0.52734375 0.8015625 0.0578125 0.0609375
2 0.48828125 0.7703125 0.071875 0.0796875
2 0.44296875 0.7140625 0.0625 0.0703125
2 0.4078125 0.6765625 0.0546875 0.0625
2 0.425 0.66796875 0.0640625 0.071875
2 0.365625 0.8390625 0.05 0.0640625
2 0.22265625 0.61328125 0.0625 0.0703125
2 0.440625 0.953125 0.0546875 0.065625
2 0.46875 0.97578125 0.053125 0.0484375