2 0.4109375 0.68828125 0.021875 0.04375
2 0.434375 0.66640625 0.01796875 0.0328125
2 0.4875 0.675 0.021875 0.02734375
2 0.4765625 0.64453125 0.021875 0.0328125
2 0.46171875 0.51640625 0.02890625 0.03828125
2 0.478125 0.58203125 0.01796875 0.02734375
2 0.48515625 0.61484375 0.01796875 0.02734375
2 0.52578125 0.5546875 0.01796875 0.02734375
2 0.50390625 0.5953125 0.01796875 0.0328125
2 0.5671875 0.584375 0.021875 0.0328125
2 0.565625 0.5984375 0.01796875 0.02734375
2 0.5015625 0.5078125 0.021875 0.0328125