1 0.6328125 0.65703125 0.0921875 0.06875
1 0.56171875 0.6234375 0.103125 0.096875
1 0.53203125 0.546875 0.103125 0.084375
1 0.640625 0.415625 0.1109375 0.075
1 0.75390625 0.3734375 0.1328125 0.08125
1 0.4703125 0.40546875 0.0953125 0.0625
1 0.42734375 0.54375 0.096875 0.0671875
1 0.58671875 0.2765625 0.0765625 0.053125
1 0.35078125 0.38671875 0.0875 0.0671875
1 0.5171875 0.2203125 0.071875 0.06875
1 0.47734375 0.21875 0.065625 0.0609375
1 0.45546875 0.290625 0.0859375 0.0640625
1 0.39375 0.28515625 0.059375 0.04375
1 0.3765625 0.25078125 0.078125 0.053125
1 0.40703125 0.1921875 0.084375 0.075
1 0.32265625 0.296875 0.0640625 0.0546875
1 0.24140625 0.30703125 0.0765625 0.0515625
1 0.23984375 0.434375 0.0890625 0.0578125
1 0.17421875 0.35625 0.1140625 0.0859375
1 0.21328125 0.8265625 0.06875 0.0546875
1 0.2828125 0.6921875 0.0859375 0.0578125
1 0.19453125 0.725 0.0671875 0.053125
1 0.2015625 0.64140625 0.084375 0.071875
1 0.1421875 0.66328125 0.0734375 0.0546875
1 0.07734375 0.67265625 0.0765625 0.0640625
1 0.09609375 0.61953125 0.078125 0.053125
1 0.09296875 0.578125 0.0859375 0.0640625
1 0.146875 0.59609375 0.0828125 0.065625
1 0.15703125 0.553125 0.0890625 0.0703125
1 0.0859375 0.521875 0.1109375 0.075
1 0.0859375 0.46953125 0.06875 0.05625
1 0.87265625 0.72578125 0.0921875 0.065625
1 0.6375 0.2359375 0.0765625 0.0515625
1 0.76328125 0.24140625 0.10625 0.09375
1 0.96796875 0.26171875 0.0640625 0.0765625
1 0.84375 0.17890625 0.125 0.0875