0 0.1171875 0.4765625 0.053125 0.0953125
0 0.13359375 0.8484375 0.053125 0.0890625
0 0.1625 0.70234375 0.05 0.08359375
0 0.2375 0.82109375 0.046875 0.07109375
0 0.18359375 0.5265625 0.0671875 0.0890625
0 0.16015625 0.5859375 0.053125 0.065625
0 0.24609375 0.51171875 0.04375 0.07109375
0 0.190625 0.4640625 0.03359375 0.07109375
0 0.18203125 0.815625 0.05 0.08359375
0 0.259375 0.63671875 0.06328125 0.08359375
0 0.3109375 0.6484375 0.046875 0.0953125
0 0.24765625 0.690625 0.046875 0.07109375
0 0.34296875 0.69921875 0.05 0.11328125
0 0.384375 0.61328125 0.046875 0.059375
0 0.4078125 0.58046875 0.053125 0.0890625
0 0.378125 0.7203125 0.053125 0.059375
0 0.4234375 0.73203125 0.03671875 0.08359375
0 0.5484375 0.45859375 0.0671875 0.0953125
0 0.48828125 0.50625 0.053125 0.10703125
0 0.453125 0.5328125 0.06328125 0.0890625
0 0.46328125 0.64296875 0.04375 0.10703125
0 0.4015625 0.6578125 0.0734375 0.0890625
0 0.1953125 0.60390625 0.04375 0.065625
0 0.55 0.5234375 0.03671875 0.059375
0 0.55703125 0.2109375 0.05703125 0.07734375
0 0.51875 0.190625 0.053125 0.07109375
0 0.95 0.26171875 0.053125 0.14296875
0 0.89453125 0.0984375 0.05703125 0.0890625
0 0.79609375 0.25625 0.0671875 0.08359375
0 0.74453125 0.440625 0.03671875 0.0953125
0 0.35625 0.8421875 0.05 0.065625
0 0.9234375 0.4015625 0.053125 0.0890625