0 0.37421875 0.7359375 0.0921875 0.0578125
0 0.19921875 0.8015625 0.0859375 0.0484375
0 0.125 0.753125 0.090625 0.05
0 0.03203125 0.75234375 0.0640625 0.0453125
0 0.03359375 0.79296875 0.0671875 0.0546875
0 0.62265625 0.66171875 0.0921875 0.053125
0 0.62734375 0.61796875 0.0921875 0.0609375
0 0.57109375 0.6296875 0.0796875 0.0515625
0 0.54453125 0.56796875 0.0828125 0.059375
0 0.50625 0.59453125 0.0734375 0.04375
0 0.46796875 0.5984375 0.0640625 0.046875
0 0.3390625 0.621875 0.0859375 0.046875
0 0.13671875 0.478125 0.0796875 0.04375
0 0.14765625 0.45078125 0.0734375 0.0453125
0 0.38515625 0.47109375 0.0828125 0.0515625
0 0.9046875 0.4421875 0.06875 0.04375
0 0.7828125 0.421875 0.0765625 0.0515625
0 0.89765625 0.39921875 0.0703125 0.053125
0 0.846875 0.390625 0.065625 0.046875
0 0.74140625 0.29296875 0.0765625 0.0515625
0 0.66796875 0.31484375 0.0734375 0.0453125
0 0.70390625 0.2375 0.0859375 0.0515625
0 0.5703125 0.221875 0.06875 0.0453125
0 0.5265625 0.1734375 0.06875 0.0390625
0 0.43515625 0.2578125 0.0703125 0.05625
0 0.35703125 0.1875 0.0765625 0.059375