1 0.33046875 0.703125 0.0515625 0.08125
1 0.3125 0.60234375 0.0515625 0.08125
1 0.33203125 0.5 0.046875 0.090625
1 0.3796875 0.30703125 0.0296875 0.05625
1 0.39140625 0.37421875 0.040625 0.0609375
1 0.384375 0.46484375 0.0359375 0.071875
1 0.44296875 0.27890625 0.0328125 0.0921875
1 0.4546875 0.365625 0.0390625 0.071875
1 0.4921875 0.35703125 0.0515625 0.084375
1 0.45390625 0.41640625 0.053125 0.06875
1 0.40625 0.58515625 0.040625 0.05625
1 0.43828125 0.4765625 0.05 0.06875
1 0.46328125 0.5046875 0.0421875 0.0546875
1 0.4359375 0.6140625 0.0453125 0.078125
1 0.4640625 0.734375 0.040625 0.071875
1 0.48515625 0.6078125 0.04375 0.071875
1 0.5203125 0.6359375 0.0421875 0.0609375
1 0.56015625 0.60390625 0.040625 0.05
1 0.5015625 0.5234375 0.05 0.0625
1 0.52109375 0.4875 0.046875 0.0609375
1 0.525 0.41484375 0.04375 0.071875
1 0.5796875 0.39140625 0.040625 0.078125
1 0.60078125 0.3546875 0.0609375 0.0578125
1 0.60078125 0.31875 0.05 0.0578125
1 0.678125 0.496875 0.053125 0.0625
1 0.60859375 0.49140625 0.040625 0.0796875
1 0.66953125 0.55078125 0.0421875 0.0609375
1 0.6 0.55390625 0.0375 0.0484375
1 0.6046875 0.58046875 0.028125 0.0546875
1 0.6140625 0.67890625 0.046875 0.0484375
1 0.621875 0.7203125 0.0359375 0.0484375
1 0.634375 0.64453125 0.04375 0.0671875
1 0.671875 0.6578125 0.05 0.0734375
1 0.69140625 0.75234375 0.053125 0.0734375