1 0.1796875 0.5390625 0.03359375 0.065625
1 0.14140625 0.5859375 0.03671875 0.05390625
1 0.21328125 0.67265625 0.0265625 0.059375
1 0.18515625 0.67890625 0.0296875 0.059375
1 0.1953125 0.80625 0.03671875 0.065625
1 0.50859375 0.67890625 0.08984375 0.13125
1 0.575 0.565625 0.11640625 0.14296875
1 0.61796875 0.4375 0.11640625 0.1609375
1 0.58203125 0.29140625 0.1234375 0.1546875
1 0.55859375 0.36015625 0.04296875 0.065625
1 0.3453125 0.67890625 0.08359375 0.16640625
1 0.2734375 0.58359375 0.10703125 0.16640625
1 0.3015625 0.48828125 0.103125 0.1546875
1 0.36015625 0.4375 0.11328125 0.13671875
1 0.4453125 0.44375 0.1296875 0.1609375
1 0.39140625 0.5390625 0.11640625 0.1484375
1 0.48671875 0.50859375 0.03984375 0.065625
1 0.5015625 0.7859375 0.03671875 0.059375
1 0.4234375 0.7734375 0.03984375 0.07109375
1 0.471875 0.875 0.04296875 0.059375
1 0.44296875 0.85703125 0.03984375 0.059375
1 0.328125 0.753125 0.0234375 0.05390625
1 0.346875 0.7765625 0.0203125 0.04140625
1 0.3703125 0.79765625 0.03984375 0.04765625
1 0.3546875 0.82734375 0.0296875 0.07109375
1 0.38671875 0.8515625 0.0265625 0.04765625
1 0.3953125 0.9140625 0.03671875 0.04140625
1 0.38359375 0.940625 0.03984375 0.04765625
1 0.353125 0.93125 0.03359375 0.05390625
1 0.28828125 0.91640625 0.04296875 0.059375
1 0.26484375 0.9703125 0.0296875 0.04765625
1 0.23828125 0.9609375 0.0296875 0.05390625
1 0.20859375 0.875 0.0296875 0.059375
1 0.2453125 0.8390625 0.03671875 0.059375
1 0.2734375 0.7859375 0.03359375 0.059375
1 0.1265625 0.815625 0.0265625 0.059375
1 0.05703125 0.86328125 0.03359375 0.059375
1 0.0234375 0.91640625 0.0265625 0.059375
1 0.025 0.7796875 0.03671875 0.04765625
1 0.11328125 0.70546875 0.03984375 0.05390625
1 0.046875 0.7171875 0.03984375 0.05390625
1 0.0515625 0.6875 0.03671875 0.05390625
1 0.04296875 0.63984375 0.03359375 0.05390625
1 0.03671875 0.5625 0.03359375 0.05390625
1 0.03515625 0.5328125 0.03671875 0.04140625
1 0.10859375 0.49375 0.0234375 0.059375
1 0.04140625 0.38125 0.03671875 0.059375
1 0.2515625 0.4109375 0.0296875 0.04765625
1 0.128125 0.3125 0.03671875 0.05390625
1 0.21171875 0.378125 0.0296875 0.05390625
1 0.26796875 0.371875 0.0296875 0.04140625
1 0.31171875 0.3390625 0.03671875 0.04765625
1 0.31015625 0.29453125 0.03984375 0.065625
1 0.11640625 0.246875 0.03984375 0.05390625
1 0.09140625 0.25859375 0.03671875 0.05390625
1 0.08828125 0.19609375 0.03671875 0.04765625
1 0.05 0.07109375 0.03359375 0.059375
1 0.03359375 0.01484375 0.0265625 0.0296875
1 0.05703125 0.02109375 0.0265625 0.04140625
1 0.1453125 0.11875 0.0296875 0.04765625
1 0.16484375 0.0625 0.0296875 0.05390625
1 0.21484375 0.05078125 0.0296875 0.05390625
1 0.2390625 0.0234375 0.034375 0.046875
1 0.26484375 0.05078125 0.03671875 0.05390625
1 0.39140625 0.26171875 0.0296875 0.04765625
1 0.31171875 0.14296875 0.03671875 0.04765625
1 0.3203125 0.0890625 0.03984375 0.04765625
1 0.34296875 0.04765625 0.03359375 0.059375
1 0.371875 0.06875 0.0296875 0.065625
1 0.38671875 0.0984375 0.03359375 0.05390625
1 0.38828125 0.14296875 0.04296875 0.04765625
1 0.378125 0.22890625 0.0296875 0.065625
1 0.43515625 0.17890625 0.03671875 0.059375
1 0.46640625 0.1609375 0.0265625 0.059375
1 0.43828125 0.11640625 0.03671875 0.05390625
1 0.4265625 0.07109375 0.03359375 0.059375
1 0.553125 0.13125 0.0265625 0.059375
1 0.44140625 0.00859375 0.0234375 0.0171875
1 0.471875 0.01171875 0.0234375 0.0234375
1 0.553125 0.04765625 0.0265625 0.04765625
1 0.63359375 0.04453125 0.03359375 0.05390625
1 0.5953125 0.19609375 0.0296875 0.059375
1 0.646875 0.2203125 0.03359375 0.07109375
1 0.65859375 0.3421875 0.0296875 0.065625
1 0.6953125 0.315625 0.03671875 0.04765625
1 0.71796875 0.25625 0.03671875 0.059375
1 0.68203125 0.13359375 0.0296875 0.065625
1 0.71796875 0.121875 0.0296875 0.065625
1 0.71796875 0.0859375 0.03671875 0.05390625
1 0.7015625 0.0390625 0.0296875 0.065625
1 0.75859375 0.04765625 0.04296875 0.059375
1 0.79296875 0.5 0.0265625 0.059375
1 0.84140625 0.41640625 0.0296875 0.059375
1 0.796875 0.67890625 0.03984375 0.04765625
1 0.778125 0.75 0.04296875 0.04765625
1 0.7734375 0.7765625 0.03984375 0.04140625
1 0.7546875 0.80625 0.0234375 0.0296875
1 0.83828125 0.6875 0.0296875 0.05390625
1 0.8484375 0.6546875 0.0296875 0.059375
1 0.8546875 0.76796875 0.03671875 0.04765625
1 0.921875 0.75625 0.0296875 0.07109375
1 0.95703125 0.64296875 0.03359375 0.04765625
1 0.98515625 0.67890625 0.0234375 0.04765625
1 0.98203125 0.6015625 0.0296875 0.04765625
1 0.96640625 0.50625 0.0265625 0.07109375
1 0.96015625 0.36015625 0.03359375 0.05390625
1 0.91484375 0.30625 0.03671875 0.05390625
1 0.978125 0.2734375 0.0296875 0.059375
1 0.81640625 0.27109375 0.0265625 0.05390625
1 0.78203125 0.14609375 0.03671875 0.04140625
1 0.8296875 0.17890625 0.0265625 0.07109375
1 0.853125 0.2765625 0.03359375 0.05390625
1 0.89140625 0.253125 0.03671875 0.05390625
1 0.8515625 0.1875 0.0296875 0.065625
1 0.9453125 0.246875 0.03671875 0.065625
1 0.925 0.19609375 0.0296875 0.04765625
1 0.98359375 0.1578125 0.0265625 0.065625
1 0.96640625 0.13125 0.0265625 0.04765625
1 0.9203125 0.11875 0.03359375 0.07109375
1 0.88515625 0.1015625 0.03671875 0.04765625
1 0.96328125 0.07421875 0.03359375 0.05390625
1 0.921875 0.01171875 0.0296875 0.0234375
1 0.58984375 0.934375 0.03359375 0.04765625
1 0.56484375 0.94921875 0.0296875 0.065625
1 0.625 0.9015625 0.0296875 0.065625
1 0.675 0.88984375 0.03671875 0.065625
1 0.68359375 0.85703125 0.0265625 0.059375
1 0.75859375 0.89296875 0.0296875 0.07109375
1 0.85 0.85703125 0.03359375 0.059375
1 0.9015625 0.878125 0.0296875 0.065625
1 0.846875 0.93125 0.0265625 0.05390625
1 0.78515625 0.9734375 0.03671875 0.04140625
1 0.9453125 0.934375 0.0296875 0.07109375
1 0.9703125 0.94609375 0.0265625 0.059375
1 0.9796875 0.89609375 0.03359375 0.05390625
1 0.921875 0.97890625 0.04296875 0.0296875