2 0.66875 0.33046875 0.0703125 0.1
2 0.69140625 0.4546875 0.0828125 0.0734375
2 0.69296875 0.52109375 0.06875 0.08125
2 0.78984375 0.33671875 0.078125 0.1
2 0.953125 0.09375 0.0640625 0.1046875
2 0.9203125 0.18828125 0.0734375 0.0890625
2 0.8765625 0.240625 0.0609375 0.0734375
2 0.846875 0.271875 0.05625 0.0734375
2 0.82734375 0.3640625 0.0640625 0.071875
2 0.59921875 0.84921875 0.0734375 0.103125
2 0.47265625 0.61171875 0.0828125 0.0765625
2 0.1125 0.4375 0.0640625 0.0859375
2 0.23828125 0.73671875 0.0640625 0.0765625
2 0.2234375 0.79140625 0.0640625 0.0625
2 0.225 0.8515625 0.0703125 0.0859375
2 0.20078125 0.93671875 0.06875 0.0890625
2 0.1171875 0.8453125 0.0953125 0.0765625
2 0.08359375 0.70078125 0.0953125 0.0984375
2 0.096875 0.6078125 0.0734375 0.1