2 0.746875 0.76328125 0.0609375 0.0421875
2 0.72578125 0.81328125 0.053125 0.034375
2 0.71640625 0.79140625 0.046875 0.0328125
2 0.70078125 0.8015625 0.0453125 0.0328125
2 0.6390625 0.7984375 0.046875 0.0375
2 0.7046875 0.64296875 0.059375 0.0421875
2 0.675 0.6234375 0.0609375 0.0421875
2 0.4796875 0.921875 0.0453125 0.03125
2 0.4828125 0.87265625 0.053125 0.0375
2 0.46015625 0.85546875 0.0515625 0.034375
2 0.4234375 0.88125 0.0515625 0.0328125
2 0.42109375 0.89765625 0.053125 0.0375
2 0.48125 0.79140625 0.0515625 0.0359375
2 0.57890625 0.8171875 0.0421875 0.0296875
2 0.57265625 0.82578125 0.0328125 0.0203125
2 0.5671875 0.74375 0.05 0.0296875
2 0.52265625 0.77578125 0.046875 0.03125
2 0.55703125 0.7640625 0.046875 0.03125
2 0.56171875 0.7953125 0.0390625 0.0234375
2 0.55390625 0.8125 0.0375 0.028125
2 0.52265625 0.75234375 0.04375 0.028125
2 0.52890625 0.73828125 0.0390625 0.03125
2 0.53359375 0.721875 0.0484375 0.0375
2 0.55390625 0.68984375 0.05 0.0296875
2 0.515625 0.7109375 0.0390625 0.03125
2 0.49453125 0.709375 0.04375 0.025
2 0.4453125 0.7609375 0.0453125 0.0296875
2 0.43671875 0.75078125 0.0578125 0.0375
2 0.27734375 0.7875 0.0515625 0.0359375
2 0.37421875 0.66171875 0.0515625 0.0390625
2 0.396875 0.63046875 0.05 0.0328125
2 0.2125 0.68671875 0.046875 0.0328125
2 0.21328125 0.70234375 0.053125 0.0390625
2 0.19296875 0.74296875 0.053125 0.034375
2 0.17578125 0.7765625 0.0515625 0.0375
2 0.23046875 0.64765625 0.053125 0.0359375
2 0.25546875 0.63984375 0.0484375 0.0375
2 0.24296875 0.62421875 0.053125 0.040625
2 0.27109375 0.60390625 0.046875 0.0375
2 0.25703125 0.5859375 0.0640625 0.0390625
2 0.3453125 0.49453125 0.0640625 0.040625
2 0.69296875 0.52578125 0.0453125 0.034375
2 0.646875 0.5375 0.046875 0.034375
2 0.496875 0.5828125 0.0515625 0.0390625
2 0.6140625 0.60234375 0.046875 0.0375
2 0.4875 0.646875 0.053125 0.0375
2 0.5421875 0.609375 0.0609375 0.0453125
2 0.5109375 0.6171875 0.053125 0.0375
2 0.44765625 0.6109375 0.040625 0.0296875
2 0.45703125 0.57265625 0.0515625 0.0375
2 0.43359375 0.56484375 0.046875 0.034375
2 0.46796875 0.5203125 0.0515625 0.034375
2 0.30078125 0.4515625 0.0453125 0.03125
2 0.43359375 0.4921875 0.046875 0.0375
2 0.4 0.4921875 0.0390625 0.03125
2 0.50078125 0.503125 0.0421875 0.0328125
2 0.528125 0.5015625 0.0453125 0.0328125
2 0.3828125 0.4609375 0.046875 0.0359375
2 0.371875 0.453125 0.040625 0.0296875
2 0.37109375 0.43828125 0.0484375 0.0390625
2 0.35078125 0.45234375 0.046875 0.0328125
2 0.38203125 0.409375 0.0453125 0.0359375
2 0.1921875 0.44765625 0.0515625 0.0359375
2 0.328125 0.42265625 0.0640625 0.040625
2 0.35 0.40390625 0.046875 0.0375
2 0.36640625 0.3921875 0.046875 0.0359375