0 0.55 0.32734375 0.05 0.103125
0 0.609375 0.36015625 0.0484375 0.096875
0 0.66796875 0.4296875 0.0453125 0.0671875
0 0.778125 0.3265625 0.0390625 0.071875
0 0.82890625 0.3359375 0.0453125 0.0734375
0 0.89453125 0.40078125 0.053125 0.0921875
0 0.43828125 0.4140625 0.0453125 0.065625
0 0.4296875 0.29609375 0.059375 0.0859375
0 0.715625 0.06796875 0.046875 0.078125
0 0.87734375 0.13125 0.059375 0.0859375
0 0.71640625 0.453125 0.0453125 0.071875
0 0.68515625 0.18203125 0.0546875 0.08125
0 0.4015625 0.4828125 0.0421875 0.0671875
0 0.3859375 0.5171875 0.0359375 0.0640625
0 0.34921875 0.6046875 0.040625 0.0671875
0 0.56796875 0.48671875 0.034375 0.053125
0 0.6046875 0.49296875 0.0359375 0.0546875
0 0.475 0.4734375 0.040625 0.0484375
0 0.4828125 0.35546875 0.040625 0.0609375
0 0.55625 0.61953125 0.0390625 0.0609375
0 0.46640625 0.2625 0.053125 0.0578125
0 0.32734375 0.6703125 0.0375 0.065625
0 0.78984375 0.175 0.05625 0.06875
0 0.91328125 0.17109375 0.0546875 0.06875
0 0.91015625 0.24296875 0.04375 0.059375
0 0.709375 0.51796875 0.0453125 0.05625
0 0.73359375 0.53828125 0.0453125 0.0609375
0 0.2015625 0.74453125 0.034375 0.0578125
0 0.28515625 0.72578125 0.0484375 0.0796875
0 0.2453125 0.4484375 0.0390625 0.0671875
0 0.3203125 0.38359375 0.040625 0.059375
0 0.28984375 0.45625 0.0421875 0.0796875
0 0.33515625 0.49296875 0.0328125 0.059375
0 0.31875 0.496875 0.0328125 0.059375
0 0.2046875 0.8109375 0.046875 0.0671875
0 0.22734375 0.75546875 0.0453125 0.059375
0 0.26953125 0.55078125 0.0390625 0.059375
0 0.08046875 0.5953125 0.0359375 0.0640625
0 0.0171875 0.61875 0.034375 0.0578125
0 0.0390625 0.68203125 0.040625 0.0546875
0 0.06015625 0.48828125 0.0375 0.0703125
0 0.253125 0.025 0.040625 0.05
0 0.31484375 0.03515625 0.0390625 0.065625
0 0.29140625 0.084375 0.0375 0.071875
0 0.22578125 0.103125 0.034375 0.0578125
0 0.26640625 0.1078125 0.0484375 0.05625
0 0.225 0.04375 0.034375 0.0421875
0 0.2 0.07109375 0.0375 0.0546875