0 0.7453125 0.06640625 0.0515625 0.0296875
0 0.89609375 0.0421875 0.0453125 0.03125
0 0.51796875 0.153125 0.05 0.03125
0 0.80234375 0.06640625 0.0453125 0.0265625
0 0.86171875 0.0921875 0.0578125 0.0390625
0 0.91328125 0.48515625 0.0453125 0.034375
0 0.8609375 0.4109375 0.0453125 0.0359375
0 0.84609375 0.37890625 0.0453125 0.0296875
0 0.50234375 0.65234375 0.0453125 0.034375
0 0.1453125 0.4109375 0.0453125 0.0265625
0 0.06015625 0.65 0.0453125 0.0390625
0 0.540625 0.490625 0.0453125 0.0265625
0 0.54296875 0.42734375 0.0453125 0.03125
0 0.6109375 0.621875 0.05 0.0375
0 0.60234375 0.76015625 0.0453125 0.0390625
0 0.69375 0.5921875 0.0515625 0.0375
0 0.83359375 0.5828125 0.0453125 0.0375
0 0.76875 0.94921875 0.0609375 0.028125
0 0.74296875 0.97421875 0.0453125 0.0421875
0 0.67578125 0.6390625 0.0390625 0.0234375
0 0.70546875 0.64140625 0.0453125 0.0265625
0 0.76484375 0.74921875 0.0515625 0.028125
0 0.7484375 0.80703125 0.0578125 0.0359375
0 0.74765625 0.690625 0.0453125 0.040625
0 0.77265625 0.68046875 0.040625 0.040625
0 0.85 0.66484375 0.05 0.034375
0 0.93203125 0.96796875 0.0609375 0.0375
0 0.8265625 0.7171875 0.05 0.03125
0 0.86796875 0.46484375 0.040625 0.028125
0 0.89765625 0.46328125 0.0453125 0.034375
0 0.67734375 0.3515625 0.0578125 0.0390625
0 0.8671875 0.63125 0.0609375 0.0375
0 0.58984375 0.271875 0.0390625 0.0234375
0 0.40625 0.21171875 0.05 0.03125
0 0.490625 0.30859375 0.040625 0.0296875
0 0.97890625 0.09609375 0.0421875 0.0296875
0 0.871875 0.3453125 0.05 0.0265625
0 0.63671875 0.02265625 0.0390625 0.03125
0 0.05234375 0.31015625 0.05 0.028125