0 0.6421875 0.47421875 0.04921875 0.03984375
0 0.63359375 0.44375 0.0546875 0.04375
0 0.3359375 0.52734375 0.04921875 0.05078125
0 0.390625 0.3421875 0.03828125 0.03671875
0 0.41796875 0.34765625 0.03828125 0.0328125
0 0.8359375 0.4796875 0.04375 0.02890625
0 0.4234375 0.46171875 0.04921875 0.04375
0 0.42109375 0.44921875 0.065625 0.0328125
0 0.41015625 0.42734375 0.04375 0.0328125
0 0.48359375 0.39296875 0.03828125 0.04375
0 0.33046875 0.44375 0.06015625 0.03671875
0 0.33359375 0.465625 0.0546875 0.02890625
0 0.79765625 0.36171875 0.04375 0.0328125
0 0.759375 0.3765625 0.065625 0.0328125
0 0.759375 0.4015625 0.0546875 0.0328125
0 0.51640625 0.62578125 0.07109375 0.04375
0 0.53828125 0.7796875 0.04921875 0.04765625