2 0.32734375 0.665625 0.09765625 0.0671875
2 0.4515625 0.690625 0.07109375 0.08046875
2 0.51796875 0.69296875 0.0796875 0.0671875
2 0.33203125 0.78671875 0.09765625 0.0765625
2 0.0859375 0.94609375 0.1015625 0.0625
2 0.18125 0.91484375 0.08828125 0.071875
2 0.234375 0.871875 0.07109375 0.05859375
2 0.265625 0.84296875 0.07109375 0.05390625
2 0.35859375 0.825 0.07109375 0.0625
2 0.84765625 0.60546875 0.1015625 0.071875
2 0.6125 0.475 0.075 0.08046875
2 0.44453125 0.11171875 0.084375 0.0625
2 0.74140625 0.2421875 0.075 0.0625
2 0.79609375 0.22890625 0.06171875 0.0625
2 0.85625 0.23125 0.084375 0.0671875
2 0.9421875 0.20859375 0.08828125 0.0671875
2 0.8515625 0.1234375 0.075 0.09453125
2 0.7078125 0.0875 0.09765625 0.09453125
2 0.61484375 0.0984375 0.09765625 0.071875