2 0.678125 0.7015625 0.0921875 0.1015625
2 0.596875 0.77890625 0.078125 0.0859375
2 0.52890625 0.69921875 0.109375 0.1390625
2 0.4671875 0.64375 0.0921875 0.1125
2 0.5765625 0.61484375 0.0703125 0.084375
2 0.5921875 0.565625 0.0875 0.0890625
2 0.6453125 0.55390625 0.084375 0.090625
2 0.51171875 0.5625 0.075 0.08125
2 0.375 0.72109375 0.075 0.090625
2 0.3265625 0.25546875 0.071875 0.1
2 0.13046875 0.57578125 0.09375 0.134375
2 0.34296875 0.68125 0.09375 0.1078125
2 0.21328125 0.7640625 0.075 0.0859375