1 0.31015625 0.7203125 0.0796875 0.11875
1 0.23984375 0.3984375 0.046875 0.0953125
1 0.3203125 0.20859375 0.06015625 0.10703125
1 0.36640625 0.0984375 0.06640625 0.11328125
1 0.34296875 0.54140625 0.06015625 0.08359375
1 0.14140625 0.621875 0.0703125 0.1015625
1 0.203125 0.13671875 0.06015625 0.13125
1 0.2296875 0.26171875 0.0796875 0.0953125
1 0.1953125 0.36328125 0.05 0.0953125
1 0.1265625 0.25625 0.06015625 0.13125
1 0.19140625 0.6875 0.05 0.0890625
1 0.2234375 0.6546875 0.06015625 0.07109375
1 0.39140625 0.5390625 0.05 0.11328125
1 0.496875 0.30625 0.06015625 0.1015625
1 0.4953125 0.86328125 0.06328125 0.10703125
1 0.15703125 0.7890625 0.0796875 0.07734375
1 0.71640625 0.82109375 0.0734375 0.13125
1 0.675 0.6578125 0.05 0.125