0 0.8515625 0.34453125 0.1078125 0.05625
0 0.8359375 0.32109375 0.0828125 0.05
0 0.9125 0.25078125 0.06875 0.046875
0 0.46171875 0.4765625 0.0703125 0.0875
0 0.4734375 0.5921875 0.109375 0.0765625
0 0.690625 0.3421875 0.0765625 0.0625
0 0.7390625 0.40859375 0.0765625 0.0515625
0 0.8125 0.14921875 0.10625 0.0828125
0 0.72734375 0.27265625 0.0734375 0.0609375
0 0.66640625 0.43203125 0.08125 0.0515625
0 0.546875 0.38046875 0.14375 0.165625
0 0.5890625 0.38203125 0.084375 0.0796875
0 0.61484375 0.48984375 0.115625 0.0734375
0 0.4453125 0.7390625 0.1140625 0.06875
0 0.4765625 0.64375 0.1046875 0.078125
0 0.53125 0.62890625 0.071875 0.05625
0 0.54453125 0.65234375 0.059375 0.04375
0 0.759375 0.82421875 0.0921875 0.0546875
0 0.78515625 0.60078125 0.0765625 0.0546875
0 0.71015625 0.6046875 0.0921875 0.0640625
0 0.60859375 0.62421875 0.0703125 0.0484375
0 0.759375 0.69609375 0.075 0.0453125
0 0.65 0.61875 0.0625 0.0515625
0 0.5984375 0.67578125 0.0828125 0.0578125
0 0.10078125 0.89140625 0.0875 0.0578125
0 0.17265625 0.93828125 0.0875 0.0578125
0 0.8125 0.24140625 0.0625 0.071875