1 0.4015625 0.1046875 0.0390625 0.0328125
1 0.453125 0.1328125 0.034375 0.028125
1 0.35 0.0828125 0.04375 0.0265625
1 0.378125 0.06796875 0.034375 0.0265625
1 0.36015625 0.05 0.034375 0.0265625
1 0.434375 0.06015625 0.05 0.0375
1 0.4 0.23046875 0.0484375 0.03125
1 0.51171875 0.24609375 0.0375 0.0296875
1 0.175 0.29375 0.034375 0.03125
1 0.12265625 0.23984375 0.040625 0.0390625
1 0.1640625 0.37109375 0.0453125 0.034375
1 0.2234375 0.340625 0.0484375 0.0328125
1 0.2171875 0.30625 0.040625 0.0359375
1 0.19765625 0.3703125 0.0390625 0.0359375
1 0.1609375 0.4484375 0.03125 0.0375
1 0.12578125 0.55078125 0.0390625 0.028125
1 0.02578125 0.58125 0.034375 0.0328125
1 0.0671875 0.59921875 0.0390625 0.03125
1 0.184375 0.58046875 0.0375 0.0328125
1 0.31015625 0.24140625 0.0390625 0.0265625
1 0.13671875 0.69296875 0.0390625 0.0359375
1 0.09296875 0.76640625 0.04375 0.0328125
1 0.178125 0.82734375 0.0359375 0.0359375
1 0.25390625 0.8984375 0.05 0.040625
1 0.23125 0.653125 0.0390625 0.0328125
1 0.29765625 0.73671875 0.0390625 0.0390625
1 0.36484375 0.77890625 0.0390625 0.0359375
1 0.29765625 0.496875 0.0453125 0.03125
1 0.3546875 0.58828125 0.040625 0.0328125
1 0.40234375 0.6015625 0.034375 0.0265625
1 0.33828125 0.6140625 0.034375 0.03125
1 0.4109375 0.653125 0.034375 0.0265625
1 0.428125 0.68046875 0.034375 0.0328125
1 0.41640625 0.5 0.04375 0.03125
1 0.38359375 0.45859375 0.0390625 0.0296875
1 0.3625 0.5125 0.04375 0.0328125
1 0.471875 0.42421875 0.0390625 0.028125
1 0.4390625 0.45078125 0.0453125 0.0359375
1 0.51875 0.38203125 0.0390625 0.03125
1 0.54140625 0.35 0.04375 0.0328125
1 0.515625 0.4265625 0.046875 0.0375
1 0.50078125 0.4921875 0.04375 0.0328125
1 0.7734375 0.684375 0.0390625 0.028125
1 0.79296875 0.66953125 0.034375 0.025
1 0.834375 0.52734375 0.034375 0.03125
1 0.87421875 0.46484375 0.034375 0.028125
1 0.84453125 0.4546875 0.034375 0.03125
1 0.81953125 0.45078125 0.034375 0.03125
1 0.82578125 0.165625 0.0390625 0.0265625
1 0.8203125 0.1859375 0.04375 0.025
1 0.84453125 0.0859375 0.046875 0.0375
1 0.9390625 0.209375 0.0390625 0.028125
1 0.9890625 0.190625 0.021875 0.028125
1 0.9109375 0.25703125 0.0375 0.03125
1 0.95 0.2453125 0.040625 0.0359375
1 0.88203125 0.22265625 0.0453125 0.034375
1 0.92421875 0.34921875 0.0390625 0.03125
1 0.95625 0.38671875 0.0375 0.028125
1 0.9765625 0.3140625 0.0296875 0.0296875
1 0.93984375 0.50078125 0.0375 0.028125
1 0.78671875 0.3703125 0.040625 0.028125
1 0.81875 0.303125 0.0453125 0.034375
1 0.7421875 0.57265625 0.040625 0.025
1 0.86328125 0.63828125 0.0390625 0.028125
1 0.91015625 0.6359375 0.040625 0.03125
1 0.91796875 0.65625 0.0484375 0.025
1 0.9125 0.54453125 0.0390625 0.028125
1 0.8671875 0.68046875 0.0375 0.025
1 0.83203125 0.7125 0.0390625 0.0265625
1 0.859375 0.753125 0.034375 0.03125
1 0.9046875 0.7890625 0.040625 0.0265625
1 0.82109375 0.80859375 0.0453125 0.0359375
1 0.72890625 0.8359375 0.034375 0.03125
1 0.75859375 0.8421875 0.0359375 0.0359375
1 0.8234375 0.884375 0.0359375 0.0234375
1 0.88671875 0.825 0.04375 0.028125
1 0.7359375 0.76484375 0.0390625 0.0359375
1 0.71171875 0.678125 0.040625 0.0328125
1 0.72578125 0.63125 0.034375 0.0265625
1 0.62578125 0.71484375 0.04375 0.0265625
1 0.61953125 0.63203125 0.028125 0.01875
1 0.71328125 0.70390625 0.040625 0.0359375
1 0.6359375 0.7546875 0.04375 0.028125
1 0.965625 0.61015625 0.0375 0.028125
1 0.85234375 0.83046875 0.0390625 0.0328125
1 0.66796875 0.91328125 0.0390625 0.0328125