0 0.75546875 0.66953125 0.0984375 0.0765625
0 0.80234375 0.49765625 0.1328125 0.0953125
0 0.94453125 0.5453125 0.0890625 0.0765625
0 0.91171875 0.3 0.1015625 0.0828125
0 0.58046875 0.39921875 0.10625 0.0984375
0 0.709375 0.39765625 0.11875 0.075
0 0.78828125 0.81328125 0.09375 0.075
0 0.96953125 0.63984375 0.0609375 0.0453125
0 0.84296875 0.88359375 0.078125 0.0671875
0 0.89765625 0.86640625 0.05625 0.05
0 0.75 0.87421875 0.0828125 0.08125
0 0.1875 0.896875 0.06875 0.0609375
0 0.26640625 0.9109375 0.0640625 0.053125
0 0.49296875 0.95234375 0.0859375 0.0609375
0 0.63046875 0.79609375 0.0671875 0.0640625
0 0.62109375 0.74375 0.0859375 0.0640625
0 0.55078125 0.8265625 0.0984375 0.0859375
0 0.478125 0.6765625 0.1015625 0.084375
0 0.4421875 0.7375 0.0859375 0.0625
0 0.36875 0.84765625 0.08125 0.0609375
0 0.35703125 0.82265625 0.078125 0.053125
0 0.10234375 0.42265625 0.059375 0.0453125
0 0.11328125 0.37578125 0.0984375 0.0765625
0 0.346875 0.16015625 0.06875 0.0609375
0 0.6125 0.23046875 0.10625 0.075
0 0.68984375 0.09609375 0.0734375 0.065625
0 0.3328125 0.2625 0.0890625 0.0703125
0 0.4828125 0.38203125 0.084375 0.071875
0 0.475 0.31015625 0.0765625 0.0578125
0 0.371875 0.565625 0.1203125 0.0859375
0 0.29375 0.3859375 0.08125 0.08125
0 0.203125 0.55078125 0.0859375 0.0796875
0 0.27890625 0.52109375 0.096875 0.096875
0 0.35546875 0.66015625 0.0765625 0.0625
0 0.46015625 0.45546875 0.103125 0.0734375
0 0.48984375 0.52109375 0.0765625 0.0765625
0 0.5375 0.63984375 0.08125 0.0765625
0 0.58125 0.66953125 0.0921875 0.0703125
0 0.3921875 0.496875 0.084375 0.0703125