1 0.63515625 0.21640625 0.0203125 0.0390625
1 0.6359375 0.2796875 0.0234375 0.04375
1 0.61484375 0.25546875 0.0203125 0.0375
1 0.5984375 0.24765625 0.0234375 0.04375
1 0.57578125 0.278125 0.01875 0.0375
1 0.55703125 0.24609375 0.0203125 0.0375
1 0.5 0.303125 0.01875 0.0375
1 0.51953125 0.321875 0.01875 0.04375
1 0.490625 0.2734375 0.0171875 0.04375
1 0.453125 0.31015625 0.01875 0.0484375
1 0.43515625 0.30546875 0.0203125 0.05
1 0.4359375 0.27578125 0.0234375 0.04375
1 0.55234375 0.3375 0.0203125 0.04375
1 0.596875 0.41796875 0.0234375 0.04375
1 0.5984375 0.44765625 0.0171875 0.0390625
1 0.5875 0.45078125 0.0171875 0.04375
1 0.5484375 0.38125 0.0234375 0.04375
1 0.56171875 0.396875 0.0203125 0.0328125
1 0.54140625 0.39765625 0.0234375 0.0328125
1 0.42421875 0.2453125 0.0234375 0.0390625
1 0.41171875 0.2546875 0.0109375 0.034375
1 0.3890625 0.30703125 0.015625 0.0375
1 0.48984375 0.39921875 0.01875 0.04375
1 0.4375 0.3578125 0.0265625 0.0453125
1 0.45625 0.37890625 0.01875 0.04375
1 0.5125 0.384375 0.0234375 0.0390625
1 0.4171875 0.371875 0.0234375 0.0375
1 0.4015625 0.353125 0.0234375 0.04375
1 0.41640625 0.39921875 0.0203125 0.0390625
1 0.509375 0.459375 0.0203125 0.04375
1 0.52265625 0.475 0.0234375 0.04375
1 0.5375 0.4765625 0.0234375 0.0375
1 0.55625 0.459375 0.0203125 0.0390625
1 0.56484375 0.4375 0.0234375 0.0390625
1 0.4796875 0.43515625 0.01875 0.0375
1 0.46953125 0.44921875 0.01875 0.034375
1 0.49296875 0.459375 0.015625 0.03125
1 0.4921875 0.48359375 0.01875 0.0390625
1 0.48125 0.484375 0.01875 0.0390625
1 0.4671875 0.4953125 0.0203125 0.0390625
1 0.43671875 0.45078125 0.01875 0.04375
1 0.421875 0.4453125 0.0203125 0.04375
1 0.41015625 0.44296875 0.0203125 0.0390625
1 0.4390625 0.48359375 0.0234375 0.04375
1 0.5765625 0.48984375 0.0203125 0.04375
1 0.565625 0.50859375 0.0203125 0.0375
1 0.5546875 0.4984375 0.0203125 0.0375
1 0.5484375 0.52265625 0.01875 0.04375
1 0.44375 0.540625 0.0203125 0.0390625
1 0.52109375 0.58359375 0.01875 0.04375
1 0.475 0.56328125 0.0234375 0.04375
1 0.4953125 0.55703125 0.01875 0.04375
1 0.4484375 0.596875 0.0203125 0.04375
1 0.47890625 0.64296875 0.01875 0.0375
1 0.49765625 0.6390625 0.028125 0.0359375
1 0.5421875 0.56953125 0.01875 0.0390625
1 0.55234375 0.59140625 0.0234375 0.0390625
1 0.5796875 0.59296875 0.0203125 0.034375
1 0.59453125 0.646875 0.0234375 0.04375
1 0.5875 0.6578125 0.0234375 0.04375
1 0.55234375 0.6375 0.01875 0.04375
1 0.5328125 0.61953125 0.01875 0.0375
1 0.521875 0.61953125 0.01875 0.0375
1 0.50234375 0.67734375 0.028125 0.0453125
1 0.53203125 0.6765625 0.01875 0.04375
1 0.5484375 0.67578125 0.0296875 0.0453125
1 0.48046875 0.68671875 0.01875 0.05
1 0.46796875 0.6734375 0.0234375 0.04375
1 0.43828125 0.66640625 0.0234375 0.0375
1 0.52265625 0.72578125 0.01875 0.04375
1 0.584375 0.7125 0.0203125 0.04375
1 0.50078125 0.7265625 0.028125 0.0453125
1 0.60390625 0.72109375 0.015625 0.0390625
1 0.55546875 0.73359375 0.028125 0.040625
1 0.53515625 0.734375 0.03125 0.040625
1 0.45 0.7203125 0.0265625 0.0390625
1 0.45703125 0.728125 0.028125 0.0359375
1 0.465625 0.75859375 0.0265625 0.040625