2 0.0984375 0.12734375 0.0625 0.0359375
2 0.0875 0.26796875 0.0578125 0.0484375
2 0.31015625 0.30703125 0.06875 0.0546875
2 0.1921875 0.34765625 0.0578125 0.0546875
2 0.42578125 0.39921875 0.05625 0.0296875
2 0.29609375 0.659375 0.0734375 0.04375
2 0.43671875 0.584375 0.0734375 0.0375
2 0.48671875 0.634375 0.0625 0.0359375
2 0.8015625 0.70390625 0.078125 0.0421875
2 0.515625 0.55703125 0.0734375 0.0375
2 0.6390625 0.5640625 0.0734375 0.040625
2 0.70078125 0.515625 0.084375 0.0484375
2 0.7875 0.48125 0.0796875 0.0484375
2 0.91484375 0.29453125 0.078125 0.0453125