2 0.23125 0.14140625 0.1046875 0.0734375
2 0.35 0.20859375 0.075 0.0609375
2 0.25390625 0.028125 0.075 0.05625
2 0.478125 0.365625 0.0796875 0.059375
2 0.328125 0.16015625 0.0640625 0.05
2 0.36796875 0.17265625 0.0703125 0.0546875
2 0.29375 0.0921875 0.071875 0.05
2 0.40546875 0.25078125 0.0796875 0.059375
2 0.42890625 0.28984375 0.0703125 0.0578125
2 0.496875 0.40234375 0.0703125 0.053125
2 0.440625 0.33203125 0.0828125 0.0640625
2 0.4765625 0.41484375 0.08125 0.0578125
2 0.49609375 0.4515625 0.0703125 0.05625
2 0.521875 0.43984375 0.071875 0.0640625
2 0.5078125 0.48359375 0.0859375 0.0609375
2 0.553125 0.57109375 0.0875 0.065625
2 0.62890625 0.66640625 0.08125 0.059375
2 0.64375 0.7078125 0.0765625 0.0578125
2 0.66875 0.7453125 0.0765625 0.06875
2 0.6921875 0.8390625 0.0828125 0.0703125