2 0.82890625 0.89921875 0.05078125 0.07109375
2 0.9546875 0.3609375 0.03984375 0.0765625
2 0.54921875 0.41015625 0.0578125 0.0765625
2 0.33984375 0.4890625 0.04765625 0.08203125
2 0.61796875 0.3140625 0.0578125 0.07109375
2 0.4546875 0.03828125 0.065625 0.0765625
2 0.37265625 0.11171875 0.04765625 0.06015625
2 0.33984375 0.15859375 0.06171875 0.065625
2 0.278125 0.23203125 0.04765625 0.08203125
2 0.1578125 0.54921875 0.04765625 0.04921875
2 0.26171875 0.54609375 0.04375 0.0546875
2 0.3796875 0.54375 0.0328125 0.04921875
2 0.4125 0.540625 0.04765625 0.0546875
2 0.4421875 0.5296875 0.03984375 0.0546875
2 0.4875 0.5078125 0.07265625 0.0765625
2 0.52734375 0.53515625 0.05078125 0.0546875
2 0.56171875 0.51875 0.04765625 0.0546875
2 0.61640625 0.5109375 0.03984375 0.04921875
2 0.64375 0.5109375 0.03671875 0.04921875
2 0.66875 0.5078125 0.03671875 0.04375
2 0.6984375 0.5109375 0.03671875 0.04921875
2 0.76171875 0.50546875 0.04765625 0.04921875
2 0.8109375 0.4921875 0.05078125 0.065625
2 0.8546875 0.50234375 0.04375 0.04375
2 0.91796875 0.53515625 0.03984375 0.04375
2 0.8875 0.54375 0.04375 0.04921875
2 0.84921875 0.54375 0.03984375 0.04921875
2 0.81484375 0.54921875 0.04375 0.03828125
2 0.7796875 0.5515625 0.03984375 0.0546875
2 0.7328125 0.56015625 0.0546875 0.04921875
2 0.66015625 0.5625 0.0328125 0.04375
2 0.62578125 0.57109375 0.03671875 0.04921875
2 0.6 0.5734375 0.03671875 0.04375
2 0.5671875 0.5765625 0.04375 0.04921875
2 0.5 0.5875 0.03984375 0.04921875
2 0.4 0.5953125 0.04375 0.0328125
2 0.49296875 0.9125 0.04765625 0.065625
2 0.4328125 0.7953125 0.04375 0.04921875
2 0.40546875 0.75390625 0.0546875 0.065625
2 0.3796875 0.6859375 0.04765625 0.06015625
2 0.3578125 0.6390625 0.03984375 0.0546875
2 0.3765625 0.63671875 0.04765625 0.06015625
2 0.2671875 0.78125 0.0328125 0.0546875
2 0.2015625 0.521875 0.04765625 0.06015625
2 0.30390625 0.9125 0.03984375 0.0546875
2 0.3203125 0.95078125 0.03671875 0.0546875