0 0.44375 0.1609375 0.1046875 0.084375
0 0.128125 0.29375 0.0765625 0.0546875
0 0.16796875 0.9234375 0.128125 0.090625
0 0.14765625 0.87734375 0.065625 0.05
0 0.1390625 0.77265625 0.0828125 0.0671875
0 0.15859375 0.5828125 0.084375 0.065625
0 0.22421875 0.60546875 0.1 0.0625
0 0.38125 0.96953125 0.140625 0.0609375
0 0.44921875 0.9625 0.1484375 0.075
0 0.34921875 0.79140625 0.0984375 0.0859375
0 0.49296875 0.828125 0.1125 0.09375
0 0.37265625 0.6015625 0.09375 0.0859375
0 0.41953125 0.921875 0.0875 0.08125
0 0.3109375 0.87421875 0.071875 0.0484375
0 0.27421875 0.7015625 0.0703125 0.0546875
0 0.2109375 0.8140625 0.0734375 0.0640625
0 0.23515625 0.765625 0.078125 0.0640625
0 0.5703125 0.90078125 0.1078125 0.075
0 0.53984375 0.74453125 0.1140625 0.06875
0 0.45078125 0.6734375 0.0890625 0.0578125
0 0.5109375 0.6953125 0.1109375 0.0890625
0 0.4984375 0.578125 0.125 0.078125
0 0.48046875 0.4859375 0.1328125 0.0921875
0 0.25 0.56171875 0.0578125 0.0453125
0 0.4828125 0.453125 0.090625 0.0625
0 0.421875 0.42421875 0.0859375 0.0828125
0 0.52734375 0.25234375 0.0859375 0.08125
0 0.51640625 0.371875 0.0921875 0.0734375
0 0.5875 0.37734375 0.0921875 0.0828125
0 0.265625 0.3328125 0.0640625 0.0421875
0 0.4015625 0.33046875 0.0640625 0.04375
0 0.56328125 0.1515625 0.1125 0.1078125
0 0.69453125 0.10625 0.0640625 0.05
0 0.5328125 0.0796875 0.0453125 0.0390625
0 0.5125 0.096875 0.0578125 0.0484375
0 0.8078125 0.0234375 0.0796875 0.046875
0 0.81875 0.20078125 0.1 0.05625
0 0.690625 0.1671875 0.1140625 0.05625
0 0.571875 0.840625 0.0984375 0.08125
0 0.75 0.82578125 0.1046875 0.084375
0 0.6546875 0.71875 0.090625 0.071875