1 0.28671875 0.85390625 0.06640625 0.125
1 0.1203125 0.19921875 0.046875 0.1484375
1 0.646875 0.69375 0.0796875 0.13671875
1 0.61171875 0.51484375 0.08359375 0.11328125
1 0.51640625 0.50859375 0.1 0.13671875
1 0.46796875 0.4015625 0.05 0.125
1 0.53359375 0.3984375 0.09296875 0.13125
1 0.44140625 0.30390625 0.0703125 0.10703125
1 0.478125 0.2109375 0.0765625 0.125
1 0.48984375 0.059375 0.06640625 0.10703125
1 0.3234375 0.05390625 0.06640625 0.10703125
1 0.53671875 0.17265625 0.053125 0.11875
1 0.55 0.04140625 0.053125 0.0828125