0 0.03046875 0.84296875 0.034375 0.0609375
0 0.11328125 0.86953125 0.0296875 0.0546875
0 0.0796875 0.81796875 0.0359375 0.0703125
0 0.1328125 0.9046875 0.0375 0.0703125
0 0.04453125 0.9125 0.046875 0.0703125
0 0.3671875 0.82265625 0.0390625 0.059375
0 0.3875 0.8953125 0.0390625 0.0546875
0 0.259375 0.55546875 0.05 0.0671875
0 0.28984375 0.775 0.034375 0.0546875
0 0.3015625 0.74296875 0.0421875 0.0546875
0 0.3125 0.77578125 0.0421875 0.0546875
0 0.45625 0.75078125 0.0390625 0.059375
0 0.4234375 0.715625 0.0453125 0.065625
0 0.328125 0.63984375 0.0421875 0.059375
0 0.32109375 0.6078125 0.0359375 0.0609375
0 0.55234375 0.709375 0.0515625 0.0671875
0 0.521875 0.6765625 0.0453125 0.065625
0 0.62109375 0.7734375 0.034375 0.0484375
0 0.7078125 0.61875 0.034375 0.065625
0 0.4109375 0.61953125 0.034375 0.065625
0 0.37265625 0.62265625 0.028125 0.0546875
0 0.24296875 0.3546875 0.0390625 0.0609375
0 0.28125 0.359375 0.04375 0.0765625
0 0.43515625 0.4921875 0.0390625 0.065625
0 0.43125 0.53515625 0.0484375 0.0546875
0 0.68203125 0.38359375 0.0421875 0.0546875
0 0.73515625 0.2203125 0.0390625 0.0453125
0 0.73984375 0.1859375 0.0390625 0.0484375
0 0.66328125 0.41484375 0.0421875 0.0546875
0 0.59453125 0.340625 0.0421875 0.0609375
0 0.54609375 0.4140625 0.0390625 0.0484375
0 0.42890625 0.41015625 0.05 0.0484375
0 0.44921875 0.3578125 0.0421875 0.0609375
0 0.53671875 0.334375 0.0390625 0.0609375
0 0.5734375 0.265625 0.0390625 0.059375
0 0.36171875 0.2875 0.0359375 0.0671875
0 0.4125 0.18046875 0.0390625 0.059375
0 0.43359375 0.26640625 0.0421875 0.0609375
0 0.50859375 0.19921875 0.0453125 0.059375
0 0.6890625 0.04375 0.03125 0.0640625
0 0.5421875 0.02265625 0.0421875 0.04375
0 0.378125 0.05390625 0.0515625 0.0546875
0 0.37734375 0.02734375 0.0453125 0.04375
0 0.315625 0.334375 0.0421875 0.0453125
0 0.3390625 0.35390625 0.0546875 0.0609375
0 0.23515625 0.08671875 0.0421875 0.04375
0 0.24921875 0.06015625 0.0390625 0.0546875
0 0.2625 0.04453125 0.0359375 0.0546875
0 0.2921875 0.10625 0.0390625 0.0484375
0 0.4453125 0.21015625 0.0390625 0.0453125
0 0.95625 0.9859375 0.03125 0.028125