0 0.2609375 0.79765625 0.0890625 0.0828125
0 0.184375 0.7296875 0.10625 0.0765625
0 0.24453125 0.67890625 0.0921875 0.071875
0 0.3359375 0.83046875 0.0984375 0.103125
0 0.5109375 0.415625 0.0609375 0.0671875
0 0.35859375 0.51171875 0.084375 0.0640625
0 0.37578125 0.66875 0.0875 0.0796875
0 0.38046875 0.3859375 0.09375 0.075
0 0.34765625 0.33671875 0.0921875 0.0703125
0 0.59140625 0.1125 0.115625 0.0921875
0 0.55 0.2703125 0.0625 0.075
0 0.60546875 0.2828125 0.0796875 0.0578125
0 0.28828125 0.3328125 0.1 0.0875
0 0.26640625 0.93203125 0.0953125 0.06875
0 0.41484375 0.290625 0.090625 0.05625
0 0.4703125 0.10078125 0.084375 0.0640625
0 0.39609375 0.11796875 0.059375 0.059375
0 0.40234375 0.08359375 0.0703125 0.0609375
0 0.384375 0.20078125 0.071875 0.0640625
0 0.6875 0.35703125 0.071875 0.0859375
0 0.796875 0.72734375 0.0734375 0.084375
0 0.70859375 0.6546875 0.08125 0.0859375
0 0.67109375 0.60546875 0.06875 0.0703125
0 0.6625 0.54140625 0.06875 0.078125
0 0.6203125 0.5015625 0.0765625 0.04375
0 0.58359375 0.475 0.0671875 0.0484375
0 0.7203125 0.71796875 0.078125 0.0953125
0 0.7953125 0.778125 0.0796875 0.084375
0 0.821875 0.88515625 0.1390625 0.096875
0 0.89296875 0.7234375 0.103125 0.071875
0 0.475 0.19609375 0.0609375 0.059375