0 0.46875 0.2296875 0.0953125 0.0875
0 0.4609375 0.29375 0.0828125 0.06875
0 0.50546875 0.13203125 0.05625 0.046875
0 0.54296875 0.13984375 0.06875 0.0546875
0 0.58125 0.146875 0.05625 0.046875
0 0.56953125 0.1140625 0.0546875 0.0421875
0 0.91171875 0.2359375 0.0890625 0.0796875
0 0.771875 0.23203125 0.0921875 0.065625
0 0.76640625 0.1703125 0.0859375 0.065625
0 0.82890625 0.334375 0.06875 0.053125
0 0.83046875 0.35390625 0.0609375 0.04375
0 0.734375 0.27890625 0.0671875 0.059375
0 0.80703125 0.4984375 0.0734375 0.0640625
0 0.7078125 0.340625 0.075 0.0578125
0 0.9359375 0.44296875 0.071875 0.065625
0 0.6796875 0.42109375 0.05 0.040625
0 0.6875 0.47578125 0.0578125 0.053125
0 0.80859375 0.40078125 0.0515625 0.0421875
0 0.60390625 0.23203125 0.065625 0.0484375
0 0.571875 0.234375 0.053125 0.0484375
0 0.61328125 0.28828125 0.06875 0.0515625
0 0.5546875 0.28984375 0.059375 0.0578125
0 0.39921875 0.38828125 0.0578125 0.046875
0 0.56796875 0.41171875 0.075 0.0578125
0 0.5390625 0.36328125 0.0609375 0.05
0 0.56015625 0.3484375 0.0546875 0.0515625
0 0.5 0.4328125 0.05625 0.04375
0 0.5265625 0.41484375 0.065625 0.059375
0 0.54453125 0.43671875 0.059375 0.05
0 0.52109375 0.48984375 0.078125 0.05625
0 0.55546875 0.49765625 0.05625 0.05625
0 0.5890625 0.5015625 0.0703125 0.0671875
0 0.571875 0.534375 0.065625 0.059375
0 0.55390625 0.5609375 0.0765625 0.0546875
0 0.496875 0.56015625 0.09375 0.071875
0 0.54765625 0.59765625 0.0765625 0.078125
0 0.4171875 0.55546875 0.0703125 0.0578125
0 0.4796875 0.65078125 0.075 0.0578125
0 0.29921875 0.52890625 0.078125 0.05625
0 0.1859375 0.68203125 0.096875 0.0703125
0 0.3328125 0.67734375 0.0625 0.046875
0 0.3484375 0.70546875 0.0828125 0.0671875
0 0.4078125 0.8015625 0.0703125 0.0609375
0 0.4234375 0.6140625 0.065625 0.059375
0 0.3515625 0.5609375 0.071875 0.065625
0 0.3875 0.584375 0.0546875 0.0515625
0 0.484375 0.7046875 0.0875 0.0671875
0 0.421875 0.74296875 0.059375 0.0546875
0 0.47890625 0.82890625 0.0796875 0.0578125
0 0.83203125 0.21484375 0.05 0.0375
0 0.66875 0.5390625 0.06875 0.0640625