1 0.0484375 0.221875 0.0578125 0.09296875
1 0.0578125 0.92265625 0.07734375 0.09296875
1 0.35546875 0.80703125 0.05390625 0.07734375
1 0.29375 0.5953125 0.05390625 0.07734375
1 0.36484375 0.4875 0.05 0.0671875
1 0.40546875 0.45390625 0.05390625 0.071875
1 0.41484375 0.25546875 0.0578125 0.0671875
1 0.44375 0.95625 0.05390625 0.0671875
1 0.47890625 0.8734375 0.06953125 0.0875
1 0.490625 0.809375 0.06171875 0.071875
1 0.5 0.75234375 0.065625 0.071875
1 0.46875 0.63125 0.065625 0.0671875
1 0.4421875 0.64921875 0.065625 0.0828125
1 0.43046875 0.559375 0.08125 0.0875
1 0.45546875 0.4359375 0.05390625 0.0671875
1 0.47265625 0.3890625 0.05 0.0671875
1 0.45390625 0.34296875 0.0578125 0.0671875
1 0.51953125 0.20078125 0.0578125 0.06171875
1 0.484375 0.2296875 0.0578125 0.0671875
1 0.515625 0.31171875 0.0734375 0.0875
1 0.5484375 0.28359375 0.06171875 0.0828125
1 0.5234375 0.39921875 0.0578125 0.0671875
1 0.51953125 0.44609375 0.065625 0.0671875
1 0.4921875 0.5796875 0.0734375 0.0875
1 0.534375 0.5671875 0.065625 0.071875
1 0.54453125 0.5234375 0.04609375 0.07734375
1 0.565625 0.47421875 0.05 0.0828125
1 0.59296875 0.425 0.0421875 0.0671875
1 0.60234375 0.3328125 0.06953125 0.0671875
1 0.62578125 0.40234375 0.06171875 0.06171875
1 0.6734375 0.4484375 0.065625 0.071875
1 0.56015625 0.64140625 0.06171875 0.05703125
1 0.60234375 0.66015625 0.06171875 0.071875
1 0.596875 0.8015625 0.08125 0.0671875
1 0.6390625 0.91484375 0.0578125 0.0875
1 0.69921875 0.7296875 0.06171875 0.0671875
1 0.7375 0.81171875 0.04609375 0.0875
1 0.7953125 0.8171875 0.05390625 0.07734375
1 0.965625 0.79921875 0.05390625 0.071875
1 0.84375 0.73203125 0.05 0.06171875
1 0.86328125 0.66015625 0.0421875 0.071875
1 0.82265625 0.6390625 0.06171875 0.09296875
1 0.70234375 0.58984375 0.06171875 0.09765625
1 0.62734375 0.60546875 0.05 0.05703125
1 0.8703125 0.5875 0.0578125 0.06171875
1 0.86484375 0.54609375 0.06953125 0.06171875
1 0.746875 0.39921875 0.065625 0.0875
1 0.69921875 0.278125 0.06171875 0.071875
1 0.61953125 0.18828125 0.0578125 0.09765625
1 0.79765625 0.3140625 0.065625 0.0828125
1 0.73515625 0.30703125 0.065625 0.0671875
1 0.83984375 0.35859375 0.065625 0.0671875
1 0.83203125 0.39453125 0.065625 0.05703125