2 0.82265625 0.0578125 0.06875 0.046875
2 0.86015625 0.19296875 0.0640625 0.0578125
2 0.64921875 0.27421875 0.0765625 0.065625
2 0.77265625 0.2921875 0.065625 0.0640625
2 0.553125 0.3875 0.0609375 0.0390625
2 0.73046875 0.61796875 0.08125 0.05625
2 0.578125 0.5703125 0.0796875 0.05
2 0.53828125 0.62890625 0.06875 0.046875
2 0.24296875 0.7578125 0.084375 0.05625
2 0.49609375 0.559375 0.0796875 0.05
2 0.37578125 0.5890625 0.0796875 0.053125
2 0.30625 0.55390625 0.090625 0.0625
2 0.2140625 0.53671875 0.0859375 0.0625
2 0.05390625 0.37734375 0.0859375 0.059375