0 0.64296875 0.4765625 0.05 0.040625
0 0.634375 0.44609375 0.0546875 0.0453125
0 0.33515625 0.52421875 0.0515625 0.053125
0 0.39375 0.340625 0.0375 0.0375
0 0.4203125 0.34609375 0.0390625 0.0328125
0 0.8359375 0.4859375 0.04375 0.028125
0 0.42421875 0.46015625 0.05 0.0453125
0 0.421875 0.44765625 0.065625 0.034375
0 0.41171875 0.42578125 0.04375 0.0328125
0 0.48515625 0.39296875 0.0390625 0.04375
0 0.33125 0.440625 0.0609375 0.0390625
0 0.334375 0.4625 0.0546875 0.0296875
0 0.8 0.3671875 0.04375 0.0328125
0 0.76171875 0.38125 0.065625 0.0359375
0 0.7609375 0.40625 0.05625 0.0359375
0 0.5140625 0.62578125 0.0703125 0.0453125
0 0.53359375 0.78046875 0.05 0.0484375