1 0.0359375 0.3875 0.071875 0.0875
1 0.1015625 0.215625 0.0578125 0.13671875
1 0.259375 0.259375 0.06171875 0.11484375
1 0.2484375 0.36328125 0.03984375 0.09296875
1 0.2390625 0.56015625 0.05078125 0.09296875
1 0.2171875 0.64453125 0.05078125 0.0875
1 0.34765625 0.915625 0.09453125 0.09296875
1 0.28828125 0.72421875 0.046875 0.11484375
1 0.36796875 0.80859375 0.06875 0.0765625
1 0.42734375 0.91796875 0.06484375 0.0875
1 0.43515625 0.87734375 0.0578125 0.08203125
1 0.4984375 0.959375 0.06171875 0.07109375
1 0.56328125 0.72421875 0.07578125 0.13671875
1 0.36953125 0.5625 0.09453125 0.109375
1 0.615625 0.8140625 0.07265625 0.0984375
1 0.6796875 0.75390625 0.06171875 0.0875
1 0.6484375 0.5109375 0.07265625 0.11484375
1 0.71171875 0.6390625 0.06171875 0.1203125
1 0.62109375 0.68828125 0.08359375 0.0984375
1 0.95859375 0.87734375 0.07578125 0.10390625
1 0.3859375 0.3828125 0.07578125 0.1421875
1 0.4765625 0.34140625 0.06875 0.12578125
1 0.66875 0.28125 0.08359375 0.11484375
1 0.490625 0.240625 0.090625 0.0984375
1 0.36953125 0.284375 0.07265625 0.0765625
1 0.3296875 0.28984375 0.07265625 0.0984375
1 0.42578125 0.17734375 0.07578125 0.08203125
1 0.54375 0.88828125 0.05078125 0.09296875
1 0.5671875 0.084375 0.06171875 0.08203125