0 0.4375 0.16171875 0.1046875 0.0859375
0 0.12421875 0.3 0.078125 0.05625
0 0.175 0.92890625 0.128125 0.0921875
0 0.15390625 0.8828125 0.065625 0.0515625
0 0.14375 0.77890625 0.084375 0.06875
0 0.16015625 0.58828125 0.0859375 0.0671875
0 0.2265625 0.61015625 0.1015625 0.0640625
0 0.38984375 0.96953125 0.1421875 0.0609375
0 0.4578125 0.9625 0.15 0.075
0 0.35390625 0.79453125 0.1 0.0875
0 0.4984375 0.828125 0.1125 0.0953125
0 0.37421875 0.60390625 0.0953125 0.0859375
0 0.42734375 0.9234375 0.0875 0.0828125
0 0.3171875 0.878125 0.071875 0.05
0 0.278125 0.70546875 0.071875 0.0546875
0 0.21640625 0.81953125 0.075 0.0640625
0 0.23984375 0.7703125 0.0796875 0.065625
0 0.57734375 0.89921875 0.109375 0.0765625
0 0.54453125 0.74375 0.1140625 0.0703125
0 0.45390625 0.67421875 0.0890625 0.059375
0 0.5140625 0.6953125 0.1125 0.090625
0 0.5 0.578125 0.1265625 0.08125
0 0.4796875 0.48671875 0.1328125 0.09375
0 0.25078125 0.565625 0.0578125 0.046875
0 0.48203125 0.453125 0.090625 0.0640625
0 0.4203125 0.42578125 0.0875 0.0828125
0 0.5234375 0.2515625 0.0875 0.08125
0 0.5140625 0.371875 0.0921875 0.0734375
0 0.5859375 0.37578125 0.09375 0.084375
0 0.26328125 0.33671875 0.0640625 0.04375
0 0.39921875 0.33203125 0.0640625 0.0453125
0 0.55703125 0.15078125 0.1140625 0.109375
0 0.6875 0.103125 0.0640625 0.0515625
0 0.52578125 0.07890625 0.046875 0.040625
0 0.50546875 0.096875 0.0578125 0.05
0 0.79921875 0.02109375 0.0796875 0.0421875
0 0.81328125 0.1953125 0.1 0.0578125
0 0.684375 0.1640625 0.1140625 0.0578125
0 0.578125 0.8390625 0.0984375 0.0828125
0 0.75546875 0.82109375 0.1046875 0.0859375
0 0.6578125 0.715625 0.090625 0.0734375