1 0.01796875 0.81640625 0.0359375 0.0703125
1 0.0453125 0.778125 0.053125 0.0703125
1 0.13515625 0.7015625 0.0578125 0.0640625
1 0.22109375 0.63984375 0.06875 0.06875
1 0.19609375 0.58984375 0.0671875 0.071875
1 0.28515625 0.46875 0.0515625 0.0640625
1 0.28828125 0.42578125 0.059375 0.06875
1 0.54296875 0.7265625 0.05625 0.065625
1 0.6515625 0.95859375 0.053125 0.0734375
1 0.25 0.315625 0.0421875 0.05625
1 0.415625 0.3484375 0.046875 0.0515625
1 0.53984375 0.36640625 0.05625 0.0640625
1 0.78359375 0.5671875 0.0515625 0.065625
1 0.4296875 0.10703125 0.0390625 0.046875
1 0.4484375 0.121875 0.0515625 0.0640625