0 0.5921875 0.753125 0.0734375 0.0671875
0 0.4109375 0.675 0.0953125 0.075
0 0.3859375 0.60546875 0.08125 0.0765625
0 0.53125 0.628125 0.1 0.0890625
0 0.50859375 0.53359375 0.090625 0.0828125
0 0.6375 0.39375 0.0765625 0.065625
0 0.51953125 0.41875 0.0609375 0.0484375
0 0.35546875 0.2984375 0.0578125 0.0515625
0 0.36875 0.353125 0.0734375 0.0546875
0 0.43046875 0.409375 0.0734375 0.0546875
0 0.56328125 0.47421875 0.0765625 0.0625
0 0.8640625 0.425 0.065625 0.05625
0 0.78984375 0.35390625 0.075 0.059375
0 0.72734375 0.35078125 0.084375 0.0625
0 0.66484375 0.1296875 0.075 0.0578125
0 0.88984375 0.359375 0.121875 0.078125