1 0.3296875 0.01484375 0.053125 0.0296875
1 0.35 0.1109375 0.0578125 0.0640625
1 0.3765625 0.2140625 0.06875 0.06875
1 0.325 0.2359375 0.0671875 0.071875
1 0.315625 0.3859375 0.0515625 0.0640625
1 0.28984375 0.42109375 0.059375 0.06875
1 0.67890625 0.35390625 0.05625 0.065625
1 0.9109375 0.24609375 0.053125 0.0734375
1 0.190625 0.48046875 0.0421875 0.05625
1 0.33828125 0.56171875 0.046875 0.0515625
1 0.4453125 0.628125 0.05625 0.0640625
1 0.7609375 0.63046875 0.0515625 0.065625
1 0.19296875 0.75546875 0.0390625 0.046875
1 0.21796875 0.75625 0.0515625 0.0640625