0 0.6625 0.4234375 0.103125 0.0625
0 0.62109375 0.36953125 0.0984375 0.0609375
0 0.54296875 0.3234375 0.0703125 0.053125
0 0.62734375 0.1984375 0.0734375 0.0484375
0 0.6109375 0.14921875 0.0765625 0.0546875
0 0.53671875 0.0953125 0.09375 0.065625
0 0.59453125 0.54765625 0.06875 0.053125
0 0.71171875 0.5375 0.090625 0.0703125
0 0.89296875 0.21953125 0.08125 0.05625
0 0.80546875 0.06953125 0.090625 0.0703125
0 0.5125 0.27890625 0.075 0.0546875
0 0.78515625 0.2671875 0.084375 0.0640625
0 0.5328125 0.59453125 0.06875 0.05
0 0.50078125 0.615625 0.065625 0.04375
0 0.41953125 0.665625 0.06875 0.0484375
0 0.50234375 0.43046875 0.05625 0.040625
0 0.490625 0.39609375 0.05625 0.0421875
0 0.53046875 0.5203125 0.0515625 0.0453125
0 0.6453125 0.49453125 0.0640625 0.0484375
0 0.3734375 0.46328125 0.0625 0.046875
0 0.73984375 0.49609375 0.0625 0.059375
0 0.35859375 0.69765625 0.0671875 0.046875
0 0.77578125 0.16328125 0.0734375 0.0625
0 0.76015625 0.040625 0.0734375 0.0609375
0 0.68984375 0.0546875 0.0625 0.05
0 0.44921875 0.29609375 0.059375 0.0515625
0 0.42578125 0.275 0.065625 0.0515625
0 0.3046875 0.83359375 0.059375 0.0421875
0 0.3109375 0.74765625 0.0828125 0.0578125
0 0.590625 0.74296875 0.06875 0.046875
0 0.64296875 0.65859375 0.0625 0.046875
0 0.57578125 0.70078125 0.08125 0.053125
0 0.5328125 0.66171875 0.0609375 0.040625
0 0.53203125 0.678125 0.0609375 0.040625
0 0.2390625 0.840625 0.0703125 0.0546875
0 0.28984375 0.809375 0.0640625 0.0515625
0 0.4859375 0.73515625 0.0609375 0.0453125
0 0.471875 0.9296875 0.065625 0.04375
0 0.4578125 0.98671875 0.059375 0.0265625
0 0.39140625 0.98046875 0.0578125 0.0390625
0 0.58046875 0.9328125 0.071875 0.046875
0 0.990625 0.6671875 0.01875 0.05
0 0.97734375 0.61015625 0.0453125 0.0484375
0 0.94375 0.640625 0.0734375 0.046875
0 0.934375 0.70859375 0.059375 0.0421875
0 0.9234375 0.66953125 0.0609375 0.0546875
0 0.98515625 0.69921875 0.0296875 0.0390625
0 0.9703125 0.72890625 0.05625 0.04375