2 0.37890625 0.7609375 0.0578125 0.07109375
2 0.3 0.91171875 0.0578125 0.08828125
2 0.2578125 0.87890625 0.05390625 0.0765625
2 0.3375 0.8296875 0.046875 0.0765625
2 0.221875 0.88984375 0.05390625 0.0765625
2 0.28125 0.8078125 0.05078125 0.0765625
2 0.26328125 0.7859375 0.05078125 0.065625
2 0.4296875 0.54375 0.0578125 0.065625
2 0.2203125 0.82109375 0.0578125 0.06015625
2 0.428125 0.70078125 0.05390625 0.07109375
2 0.4078125 0.64296875 0.05078125 0.065625
2 0.33203125 0.73046875 0.0578125 0.065625
2 0.33203125 0.66171875 0.0578125 0.06015625
2 0.346875 0.62890625 0.05078125 0.04921875
2 0.39140625 0.80234375 0.05390625 0.065625
2 0.43515625 0.75 0.05390625 0.07109375
2 0.42578125 0.81328125 0.05078125 0.0765625
2 0.45859375 0.7609375 0.04296875 0.07109375
2 0.37578125 0.92578125 0.0578125 0.07109375
2 0.4078125 0.8734375 0.05078125 0.065625
2 0.46015625 0.840625 0.046875 0.065625
2 0.534375 0.68125 0.04296875 0.065625
2 0.53046875 0.728125 0.0578125 0.07109375
2 0.525 0.75 0.05390625 0.04921875
2 0.559375 0.7359375 0.05078125 0.11015625
2 0.4515625 0.65390625 0.05078125 0.065625
2 0.4984375 0.59375 0.0359375 0.0765625
2 0.5140625 0.615625 0.046875 0.0765625
2 0.4859375 0.525 0.046875 0.06015625
2 0.48359375 0.46953125 0.0578125 0.07109375
2 0.51953125 0.44765625 0.06484375 0.07109375
2 0.5453125 0.46953125 0.0578125 0.06015625
2 0.53984375 0.56328125 0.046875 0.07109375
2 0.58125 0.59609375 0.05078125 0.07109375
2 0.59921875 0.6234375 0.05078125 0.06015625
2 0.63515625 0.6125 0.0578125 0.08203125
2 0.58828125 0.525 0.05078125 0.07109375
2 0.571875 0.5109375 0.05390625 0.0765625
2 0.62265625 0.54921875 0.046875 0.08828125
2 0.64453125 0.5578125 0.05390625 0.08203125
2 0.65 0.48359375 0.05078125 0.08828125
2 0.675 0.4859375 0.04296875 0.06015625
2 0.675 0.521875 0.04296875 0.0546875
2 0.57578125 0.42578125 0.046875 0.04921875
2 0.61015625 0.365625 0.0578125 0.06015625
2 0.64609375 0.38203125 0.0578125 0.06015625
2 0.653125 0.41171875 0.0578125 0.065625
2 0.696875 0.4203125 0.05078125 0.08203125
2 0.7421875 0.27734375 0.046875 0.07109375
2 0.77421875 0.32421875 0.06875 0.09921875
2 0.7109375 0.26953125 0.0578125 0.065625
2 0.71875 0.2140625 0.05078125 0.0765625
2 0.76171875 0.22265625 0.04296875 0.06015625
2 0.78125 0.24453125 0.046875 0.06015625
2 0.803125 0.1953125 0.05390625 0.07109375
2 0.790625 0.1484375 0.04296875 0.0765625
2 0.603125 0.31875 0.04296875 0.0546875
2 0.91171875 0.6125 0.06171875 0.08203125
2 0.86640625 0.5546875 0.0578125 0.09921875