1 0.046875 0.378125 0.0734375 0.11328125
1 0.26015625 0.44921875 0.06015625 0.0890625
1 0.25703125 0.20546875 0.03984375 0.07734375
1 0.6453125 0.17890625 0.05703125 0.0953125
1 0.6734375 0.13359375 0.053125 0.0890625
1 0.3484375 0.4640625 0.05 0.11875
1 0.346875 0.30390625 0.06015625 0.08359375
1 0.503125 0.38984375 0.06640625 0.0890625
1 0.46328125 0.61015625 0.06015625 0.0890625
1 0.528125 0.75 0.0703125 0.10703125
1 0.678125 0.6640625 0.0765625 0.1015625
1 0.66640625 0.82109375 0.053125 0.10703125
1 0.671875 0.41953125 0.0765625 0.125
1 0.9 0.19921875 0.0734375 0.1015625
1 0.8 0.684375 0.053125 0.07109375
1 0.85859375 0.9640625 0.04296875 0.059375
1 0.96796875 0.91953125 0.05703125 0.1015625