2 0.81484375 0.91015625 0.0796875 0.065625
2 0.2625 0.91171875 0.0859375 0.0578125
2 0.4015625 0.528125 0.0875 0.0734375
2 0.525 0.34140625 0.090625 0.065625
2 0.2921875 0.5734375 0.0828125 0.071875
2 0.06015625 0.35234375 0.0890625 0.08125
2 0.15 0.28828125 0.0703125 0.0609375
2 0.203125 0.2671875 0.078125 0.0734375
2 0.2890625 0.2234375 0.090625 0.0640625
2 0.625 0.17734375 0.0578125 0.05625
2 0.5984375 0.278125 0.0625 0.0546875
2 0.56953125 0.39296875 0.05625 0.0453125
2 0.559375 0.42421875 0.065625 0.0578125
2 0.5421875 0.45 0.0609375 0.0515625
2 0.51015625 0.48984375 0.0921875 0.0875
2 0.528125 0.534375 0.065625 0.0625
2 0.5046875 0.5640625 0.065625 0.059375
2 0.484375 0.615625 0.0578125 0.05
2 0.478125 0.6421875 0.0578125 0.0484375
2 0.46953125 0.66640625 0.0515625 0.046875
2 0.46640625 0.69609375 0.0578125 0.0484375
2 0.44609375 0.75625 0.0578125 0.0578125
2 0.42265625 0.8015625 0.075 0.0640625
2 0.42265625 0.84609375 0.053125 0.053125
2 0.43984375 0.91484375 0.0515625 0.0484375
2 0.45546875 0.8875 0.0578125 0.053125
2 0.4640625 0.85 0.0578125 0.05
2 0.47734375 0.81796875 0.0484375 0.0515625
2 0.4875 0.784375 0.0609375 0.0515625
2 0.50625 0.740625 0.059375 0.0625
2 0.525 0.6703125 0.05 0.0421875
2 0.540625 0.63828125 0.0546875 0.0453125
2 0.54921875 0.6140625 0.0515625 0.046875
2 0.559375 0.5828125 0.0578125 0.053125
2 0.58515625 0.51953125 0.0578125 0.0515625
2 0.615625 0.42421875 0.04375 0.05
2 0.903125 0.5859375 0.075 0.0625
2 0.803125 0.50078125 0.0578125 0.053125
2 0.76875 0.46484375 0.0765625 0.06875
2 0.70859375 0.42421875 0.06875 0.059375
2 0.6671875 0.39296875 0.0609375 0.0515625
2 0.6609375 0.41015625 0.0703125 0.059375
2 0.8265625 0.33671875 0.0625 0.046875
2 0.58828125 0.2140625 0.06875 0.059375
2 0.94609375 0.4015625 0.0640625 0.05
2 0.97421875 0.42578125 0.0515625 0.0484375