2 0.8515625 0.40859375 0.0421875 0.0375
2 0.76953125 0.45859375 0.03671875 0.03359375
2 0.65859375 0.5265625 0.03671875 0.03359375
2 0.58203125 0.58203125 0.03203125 0.0265625
2 0.534375 0.6140625 0.053125 0.0375
2 0.55 0.59140625 0.0421875 0.0296875
2 0.5796875 0.87109375 0.04765625 0.04140625
2 0.57421875 0.79765625 0.0578125 0.0453125
2 0.5109375 0.76015625 0.04765625 0.0375
2 0.5453125 0.76015625 0.0421875 0.0375
2 0.534375 0.73203125 0.0421875 0.03359375
2 0.56328125 0.7375 0.03671875 0.0296875
2 0.51875 0.6875 0.0421875 0.03359375
2 0.54765625 0.66484375 0.03671875 0.03359375
2 0.4390625 0.65703125 0.0421875 0.03359375
2 0.41796875 0.6234375 0.0421875 0.0265625
2 0.396875 0.5953125 0.03203125 0.0375
2 0.42578125 0.59921875 0.03671875 0.0375
2 0.4203125 0.56953125 0.03671875 0.0375
2 0.43125 0.528125 0.04765625 0.0453125
2 0.39453125 0.4828125 0.03671875 0.0375
2 0.4890625 0.5171875 0.04765625 0.0296875
2 0.48671875 0.49453125 0.053125 0.0296875
2 0.415625 0.44921875 0.04765625 0.0453125
2 0.36796875 0.378125 0.04765625 0.0375
2 0.36015625 0.396875 0.0421875 0.0296875