2 0.71015625 0.815625 0.0671875 0.0578125
2 0.66484375 0.64765625 0.053125 0.0453125
2 0.5859375 0.59921875 0.059375 0.0515625
2 0.584375 0.57734375 0.059375 0.046875
2 0.509375 0.5734375 0.059375 0.046875
2 0.46875 0.521875 0.0609375 0.0515625
2 0.525 0.48359375 0.053125 0.0421875
2 0.55 0.48671875 0.0484375 0.04375
2 0.5953125 0.478125 0.059375 0.046875
2 0.671875 0.48359375 0.046875 0.040625
2 0.7296875 0.46015625 0.0484375 0.040625
2 0.615625 0.38515625 0.053125 0.0453125
2 0.7875 0.6984375 0.0484375 0.04375
2 0.8140625 0.68359375 0.04375 0.0421875
2 0.840625 0.65859375 0.0484375 0.040625
2 0.83828125 0.6375 0.053125 0.0453125
2 0.853125 0.61484375 0.0515625 0.0421875
2 0.81953125 0.6046875 0.0546875 0.05
2 0.846875 0.5828125 0.0609375 0.046875
2 0.8578125 0.56015625 0.0484375 0.04375
2 0.82109375 0.56171875 0.0578125 0.046875
2 0.8359375 0.53984375 0.059375 0.04375
2 0.85859375 0.52578125 0.0484375 0.040625
2 0.853125 0.515625 0.0421875 0.034375
2 0.82421875 0.48515625 0.0625 0.0484375
2 0.8109375 0.45625 0.053125 0.0453125
2 0.84453125 0.43203125 0.040625 0.046875
2 0.81171875 0.42890625 0.05 0.04375
2 0.8203125 0.40859375 0.0546875 0.05
2 0.771875 0.3796875 0.046875 0.0359375
2 0.803125 0.346875 0.0546875 0.0453125
2 0.7765625 0.3078125 0.0546875 0.0484375
2 0.73671875 0.35625 0.0546875 0.0453125
2 0.72734375 0.32109375 0.053125 0.0421875
2 0.73203125 0.3015625 0.0421875 0.0359375
2 0.6703125 0.3484375 0.0515625 0.0421875
2 0.7125 0.2671875 0.0546875 0.0453125
2 0.6609375 0.275 0.053125 0.0421875
2 0.6890625 0.2171875 0.053125 0.0453125
2 0.64921875 0.1828125 0.046875 0.040625
2 0.63125 0.16328125 0.053125 0.0421875
2 0.60625 0.15234375 0.05 0.0375
2 0.58125 0.1359375 0.0515625 0.0421875
2 0.56171875 0.1234375 0.053125 0.0453125
2 0.5296875 0.1125 0.05625 0.0390625
2 0.53984375 0.14140625 0.04375 0.0375
2 0.51640625 0.153125 0.053125 0.05
2 0.5984375 0.1921875 0.046875 0.040625
2 0.60625 0.221875 0.046875 0.040625
2 0.59140625 0.28125 0.059375 0.05
2 0.56640625 0.3203125 0.0640625 0.05
2 0.2625 0.1515625 0.0484375 0.04375
2 0.28203125 0.1640625 0.046875 0.040625
2 0.31640625 0.15390625 0.0484375 0.04375
2 0.3203125 0.25859375 0.040625 0.0390625
2 0.36875 0.29921875 0.0546875 0.0453125
2 0.3546875 0.2765625 0.046875 0.040625
2 0.196875 0.265625 0.0515625 0.05
2 0.1734375 0.37578125 0.05 0.04375
2 0.22421875 0.3359375 0.0515625 0.0421875
2 0.12890625 0.2796875 0.065625 0.0546875
2 0.36796875 0.38359375 0.059375 0.046875
2 0.34453125 0.409375 0.05625 0.053125
2 0.26015625 0.4484375 0.05625 0.053125
2 0.21796875 0.434375 0.0671875 0.059375
2 0.32578125 0.41640625 0.046875 0.046875
2 0.42421875 0.7375 0.0578125 0.05
2 0.41015625 0.78203125 0.059375 0.0515625
2 0.38671875 0.77421875 0.05 0.04375
2 0.34765625 0.75 0.0515625 0.0484375
2 0.4265625 0.58359375 0.0609375 0.0546875
2 0.3234375 0.6375 0.059375 0.05625
2 0.3609375 0.60078125 0.05 0.04375
2 0.375 0.57109375 0.046875 0.040625
2 0.35390625 0.553125 0.046875 0.040625
2 0.33671875 0.50859375 0.0609375 0.05625
2 0.57734375 0.42109375 0.053125 0.0421875