0 0.32890625 0.1203125 0.0546875 0.0390625
0 0.35859375 0.33046875 0.05625 0.0484375
0 0.24140625 0.26796875 0.0515625 0.053125
0 0.7109375 0.475 0.0671875 0.05
0 0.6921875 0.446875 0.0703125 0.0453125
0 0.56171875 0.53359375 0.05625 0.0359375
0 0.51796875 0.52578125 0.05625 0.034375
0 0.5671875 0.4078125 0.059375 0.03125
0 0.60546875 0.403125 0.0484375 0.0421875
0 0.46328125 0.73203125 0.05 0.0359375
0 0.5796875 0.61640625 0.0609375 0.0375
0 0.5859375 0.73046875 0.0546875 0.028125
0 0.63828125 0.728125 0.05 0.034375
0 0.13515625 0.60625 0.04375 0.03125
0 0.16953125 0.6125 0.05 0.03125
0 0.1953125 0.60546875 0.04375 0.0375
0 0.053125 0.40703125 0.059375 0.0453125
0 0.07578125 0.340625 0.059375 0.040625