2 0.2984375 0.678125 0.1015625 0.0921875
2 0.22109375 0.596875 0.0859375 0.078125
2 0.30078125 0.52890625 0.1390625 0.109375
2 0.35625 0.4671875 0.1125 0.0921875
2 0.38515625 0.5765625 0.084375 0.0703125
2 0.434375 0.5921875 0.0890625 0.0875
2 0.44609375 0.6453125 0.090625 0.084375
2 0.4375 0.51171875 0.08125 0.075
2 0.27890625 0.375 0.090625 0.075
2 0.74453125 0.3265625 0.1 0.071875
2 0.42421875 0.13046875 0.134375 0.09375
2 0.31875 0.34296875 0.1078125 0.09375
2 0.2359375 0.21328125 0.0859375 0.075