0 0.2046875 0.3765625 0.1 0.103125
0 0.29921875 0.43828125 0.065625 0.09296875
0 0.246875 0.45078125 0.08515625 0.0875
0 0.35703125 0.5359375 0.0578125 0.071875
0 0.2875 0.5125 0.05 0.07734375
0 0.32421875 0.48203125 0.07734375 0.0875
0 0.271875 0.3453125 0.08125 0.0828125
0 0.4359375 0.54375 0.04609375 0.05703125
0 0.37421875 0.615625 0.03828125 0.05703125
0 0.596875 0.54609375 0.02734375 0.04140625
0 0.51171875 0.56953125 0.034375 0.04609375
0 0.6296875 0.56171875 0.03125 0.04140625
0 0.58515625 0.6234375 0.0421875 0.0515625
0 0.37421875 0.48203125 0.06171875 0.05703125