2 0.50859375 0.7046875 0.0875 0.1015625
2 0.61875 0.9328125 0.0828125 0.1078125
2 0.58359375 0.93984375 0.078125 0.1015625
2 0.559375 0.81640625 0.0828125 0.1
2 0.5234375 0.81796875 0.0828125 0.1046875
2 0.4765625 0.7125 0.078125 0.1078125
2 0.4671875 0.61875 0.084375 0.071875
2 0.44140625 0.57265625 0.084375 0.0796875
2 0.33828125 0.25390625 0.090625 0.090625
2 0.41015625 0.496875 0.096875 0.090625
2 0.353125 0.5109375 0.08125 0.09375
2 0.30234375 0.1859375 0.096875 0.0875
2 0.24375 0.1984375 0.0734375 0.06875