1 0.284375 0.6953125 0.09375 0.128125
1 0.25390625 0.3671875 0.0578125 0.1015625
1 0.35703125 0.1890625 0.071875 0.1140625
1 0.41640625 0.08515625 0.0796875 0.1203125
1 0.3390625 0.521875 0.0703125 0.0890625
1 0.12890625 0.57734375 0.08125 0.1078125
1 0.25 0.103125 0.075 0.1375
1 0.2609375 0.23046875 0.0890625 0.1046875
1 0.2140625 0.32734375 0.0609375 0.1
1 0.159375 0.2125 0.075 0.1375
1 0.17109375 0.6484375 0.0609375 0.0921875
1 0.20703125 0.61953125 0.0671875 0.078125
1 0.3875 0.52578125 0.0640625 0.1171875
1 0.5203125 0.30703125 0.071875 0.10625
1 0.45078125 0.86015625 0.075 0.1140625
1 0.12421875 0.7453125 0.0890625 0.0875
1 0.67578125 0.8453125 0.0890625 0.1390625
1 0.6546875 0.678125 0.065625 0.1296875