0 0.39140625 0.71484375 0.090625 0.071875
0 0.30078125 0.75703125 0.090625 0.08125
0 0.43046875 0.6125 0.1078125 0.0984375
0 0.72265625 0.5109375 0.09375 0.065625
0 0.64765625 0.50078125 0.084375 0.06875
0 0.23671875 0.37421875 0.0828125 0.0640625
0 0.4359375 0.28125 0.0859375 0.059375
0 0.38359375 0.28203125 0.0671875 0.0609375
0 0.4125 0.2625 0.08125 0.06875
0 0.41640625 0.3625 0.084375 0.06875
0 0.3328125 0.3421875 0.0828125 0.0640625
0 0.2328125 0.57265625 0.0828125 0.0671875
0 0.2421875 0.51796875 0.115625 0.084375
0 0.4515625 0.4015625 0.08125 0.0640625
0 0.43828125 0.425 0.0890625 0.0640625
0 0.753125 0.40078125 0.0828125 0.0640625
0 0.83125 0.29765625 0.0859375 0.05625
0 0.79375 0.35859375 0.09375 0.06875
0 0.87109375 0.25390625 0.0765625 0.05625
0 0.86484375 0.34140625 0.0796875 0.05625
0 0.51875 0.5015625 0.0734375 0.0609375
0 0.403125 0.55 0.0640625 0.0609375
0 0.3453125 0.68125 0.084375 0.0859375
0 0.4375 0.546875 0.075 0.065625
0 0.35625 0.63828125 0.0796875 0.0671875
0 0.33359375 0.4109375 0.0953125 0.05625
0 0.63359375 0.35625 0.0578125 0.0453125
0 0.26640625 0.91484375 0.0703125 0.0515625