2 0.528125 0.1375 0.0484375 0.05
2 0.5484375 0.23203125 0.0421875 0.0453125
2 0.5765625 0.35859375 0.04375 0.0453125
2 0.60390625 0.44921875 0.0359375 0.0390625
2 0.61875 0.5046875 0.053125 0.0625
2 0.60234375 0.4828125 0.0421875 0.0515625
2 0.8765625 0.5453125 0.0546875 0.0578125
2 0.80546875 0.5265625 0.0609375 0.06875
2 0.74921875 0.57421875 0.05 0.05625
2 0.7609375 0.5421875 0.0484375 0.05
2 0.73046875 0.54296875 0.0453125 0.0515625
2 0.7453125 0.5171875 0.040625 0.04375
2 0.68359375 0.54296875 0.046875 0.053125
2 0.67109375 0.50859375 0.0421875 0.0453125
2 0.62890625 0.60859375 0.04375 0.0484375
2 0.58984375 0.61796875 0.040625 0.0484375
2 0.55625 0.62890625 0.0453125 0.0421875
2 0.56953125 0.60234375 0.046875 0.046875
2 0.53984375 0.59765625 0.0484375 0.0484375
2 0.50390625 0.57421875 0.05625 0.0578125
2 0.44921875 0.59375 0.046875 0.046875
2 0.5125 0.515625 0.0421875 0.053125
2 0.490625 0.5109375 0.0453125 0.059375
2 0.42421875 0.56328125 0.0578125 0.059375
2 0.34140625 0.58515625 0.0515625 0.0578125
2 0.35703125 0.5984375 0.04375 0.05