0 0.84375 0.496875 0.06796875 0.09375
0 0.76796875 0.83046875 0.04375 0.0703125
0 0.140625 0.90078125 0.07109375 0.1171875
0 0.18984375 0.9125 0.040625 0.05859375
0 0.29453125 0.903125 0.05390625 0.07578125
0 0.478125 0.85078125 0.05390625 0.07578125
0 0.44375 0.78984375 0.04765625 0.09375
0 0.05234375 0.69921875 0.05078125 0.134375
0 0.04765625 0.63125 0.0609375 0.140625
0 0.2390625 0.69921875 0.07109375 0.0875
0 0.178125 0.5640625 0.078125 0.09921875
0 0.421875 0.64296875 0.07109375 0.08203125
0 0.0984375 0.65234375 0.06796875 0.07578125
0 0.1640625 0.7515625 0.0375 0.0640625
0 0.340625 0.75703125 0.04375 0.0640625
0 0.240625 0.8390625 0.05390625 0.0640625
0 0.284375 0.80703125 0.05390625 0.0703125
0 0.09296875 0.5 0.0578125 0.09921875
0 0.25234375 0.503125 0.05078125 0.10546875
0 0.3375 0.57890625 0.04375 0.08203125
0 0.30546875 0.5234375 0.07421875 0.09921875
0 0.4234375 0.51484375 0.0609375 0.1171875
0 0.5171875 0.5171875 0.07109375 0.12265625
0 0.4828125 0.75703125 0.0375 0.05234375
0 0.54921875 0.50859375 0.04765625 0.08203125
0 0.58828125 0.5640625 0.07109375 0.07578125
0 0.7390625 0.4296875 0.06796875 0.07578125
0 0.6234375 0.46171875 0.0609375 0.08203125
0 0.60546875 0.3921875 0.07109375 0.08203125
0 0.70546875 0.7015625 0.03359375 0.05859375
0 0.684375 0.5671875 0.03359375 0.05859375
0 0.83203125 0.37734375 0.09140625 0.09921875
0 0.85390625 0.23984375 0.040625 0.05859375
0 0.90859375 0.39453125 0.03359375 0.040625
0 0.89453125 0.41796875 0.040625 0.05234375
0 0.915625 0.1140625 0.03359375 0.07578125
0 0.7390625 0.134375 0.040625 0.09375
0 0.79453125 0.2546875 0.0375 0.1109375
0 0.15234375 0.48828125 0.06796875 0.0875
0 0.1359375 0.31015625 0.06796875 0.09375
0 0.2578125 0.3859375 0.0609375 0.08203125