1 0.19921875 0.68671875 0.1578125 0.1171875
1 0.25859375 0.34765625 0.1203125 0.1046875
1 0.32734375 0.36171875 0.1484375 0.1171875
1 0.4 0.30078125 0.128125 0.09375
1 0.490625 0.6296875 0.14375 0.0921875
1 0.5609375 0.59375 0.1546875 0.0984375
1 0.665625 0.61875 0.140625 0.1078125
1 0.73046875 0.55625 0.1203125 0.103125
1 0.5375 0.38203125 0.128125 0.090625
1 0.55390625 0.315625 0.1234375 0.0953125
1 0.65546875 0.35234375 0.10625 0.0875
1 0.56484375 0.5375 0.0921875 0.084375
1 0.5796875 0.4671875 0.10625 0.0875
1 0.5890625 0.421875 0.1125 0.0859375
1 0.76484375 0.46328125 0.128125 0.090625
1 0.72109375 0.39375 0.1265625 0.0859375