2 0.9125 0.7484375 0.04375 0.0609375
2 0.88125 0.67265625 0.0640625 0.0828125
2 0.79140625 0.33828125 0.0640625 0.08125
2 0.77734375 0.27578125 0.0703125 0.08125
2 0.72421875 0.3375 0.0640625 0.0984375
2 0.621875 0.42890625 0.0640625 0.09375
2 0.66328125 0.609375 0.046875 0.0609375
2 0.67421875 0.21484375 0.0515625 0.075
2 0.6296875 0.1234375 0.06875 0.09375
2 0.60703125 0.18203125 0.05625 0.0859375
2 0.5609375 0.140625 0.05625 0.075
2 0.5734375 0.11875 0.0453125 0.06875
2 0.471875 0.18984375 0.0453125 0.0703125
2 0.4015625 0.10234375 0.0484375 0.075
2 0.32265625 0.10625 0.046875 0.0609375
2 0.4953125 0.05859375 0.040625 0.05625
2 0.6671875 0.85390625 0.0609375 0.0875
2 0.66484375 0.90703125 0.046875 0.0625
2 0.6578125 0.934375 0.05625 0.06875
2 0.571875 0.90703125 0.0640625 0.075
2 0.55625 0.8625 0.046875 0.0625
2 0.58359375 0.56875 0.0671875 0.09375
2 0.559375 0.60390625 0.0546875 0.0640625
2 0.5109375 0.54296875 0.0578125 0.0796875
2 0.4765625 0.53515625 0.05625 0.0921875
2 0.446875 0.5390625 0.0453125 0.06875
2 0.4140625 0.528125 0.046875 0.0859375
2 0.3203125 0.20859375 0.0375 0.06875
2 0.38671875 0.25 0.0359375 0.0609375
2 0.39765625 0.3515625 0.0484375 0.06875
2 0.3828125 0.4328125 0.0515625 0.0984375
2 0.415625 0.8765625 0.0453125 0.06875
2 0.3734375 0.80546875 0.0484375 0.0671875
2 0.36484375 0.75703125 0.0421875 0.0734375
2 0.19765625 0.21171875 0.034375 0.0671875
2 0.34453125 0.57734375 0.0375 0.0625
2 0.35703125 0.49375 0.0578125 0.0859375
2 0.3109375 0.45 0.053125 0.08125
2 0.3234375 0.5015625 0.0484375 0.0703125