0 0.27421875 0.04921875 0.0546875 0.065625
0 0.325 0.01875 0.040625 0.0375
0 0.5421875 0.284375 0.0578125 0.0984375
0 0.309375 0.19375 0.05078125 0.07109375
0 0.33671875 0.171875 0.04765625 0.06015625
0 0.7 0.109375 0.03984375 0.065625
0 0.80390625 0.11484375 0.04375 0.0546875
0 0.8984375 0.259375 0.03671875 0.04921875
0 0.88359375 0.27890625 0.02890625 0.0546875
0 0.57421875 0.15859375 0.03671875 0.0546875
0 0.48359375 0.15859375 0.04375 0.065625
0 0.44375 0.171875 0.0578125 0.06015625
0 0.4875 0.109375 0.04375 0.0546875
0 0.47265625 0.26484375 0.05078125 0.06015625
0 0.33125 0.3140625 0.0578125 0.07109375
0 0.421875 0.26484375 0.04375 0.04921875
0 0.49609375 0.3609375 0.0546875 0.0546875
0 0.465625 0.32265625 0.04375 0.0546875
0 0.43671875 0.30078125 0.04375 0.0546875
0 0.09296875 0.36328125 0.04765625 0.04921875
0 0.55625 0.49453125 0.05078125 0.06015625
0 0.53671875 0.52734375 0.0546875 0.06015625
0 0.8671875 0.46484375 0.0546875 0.065625
0 0.83828125 0.50234375 0.0328125 0.0765625
0 0.8109375 0.48671875 0.03671875 0.0546875
0 0.78515625 0.50234375 0.03671875 0.065625
0 0.97421875 0.90703125 0.03671875 0.065625
0 0.9578125 0.81171875 0.0328125 0.06015625
0 0.73125 0.71015625 0.0578125 0.065625
0 0.68515625 0.47265625 0.0546875 0.09296875
0 0.69296875 0.540625 0.03984375 0.0546875
0 0.678125 0.628125 0.03984375 0.0546875
0 0.6765625 0.6640625 0.03671875 0.06015625
0 0.74921875 0.609375 0.02890625 0.06015625
0 0.74765625 0.51328125 0.0328125 0.0546875
0 0.5765625 0.58203125 0.03984375 0.06015625
0 0.490625 0.715625 0.03671875 0.065625
0 0.48515625 0.628125 0.0328125 0.0546875
0 0.52734375 0.65 0.04375 0.0546875
0 0.6 0.6859375 0.03671875 0.06015625
0 0.5890625 0.76484375 0.065625 0.0765625
0 0.83671875 0.609375 0.04375 0.06015625
0 0.64921875 0.59296875 0.03984375 0.04921875
0 0.621875 0.63671875 0.03671875 0.06015625
0 0.4765625 0.47578125 0.04375 0.0875
0 0.44921875 0.51640625 0.0328125 0.07109375
0 0.45078125 0.39921875 0.04375 0.0546875
0 0.4125 0.40703125 0.03984375 0.07109375
0 0.35234375 0.45625 0.04375 0.07109375
0 0.40546875 0.34453125 0.0328125 0.04375
0 0.23984375 0.58203125 0.05078125 0.09296875
0 0.2453125 0.43203125 0.03984375 0.0546875
0 0.2984375 0.4125 0.03671875 0.04921875
0 0.30703125 0.4484375 0.04765625 0.04375
0 0.4328125 0.9015625 0.04375 0.065625
0 0.06875 0.88515625 0.04375 0.0765625
0 0.14375 0.92109375 0.03984375 0.06015625
0 0.1796875 0.9453125 0.06171875 0.0765625
0 0.33828125 0.8140625 0.02890625 0.065625