2 0.253125 0.39296875 0.084375 0.06875
2 0.2046875 0.49375 0.07265625 0.059375
2 0.3015625 0.534375 0.1203125 0.07578125
2 0.3734375 0.57578125 0.09609375 0.065625
2 0.3671875 0.4625 0.07265625 0.04921875
2 0.409375 0.4328125 0.07265625 0.06875
2 0.40390625 0.378125 0.07265625 0.065625
2 0.43671875 0.50859375 0.06640625 0.05625
2 0.328125 0.6875 0.078125 0.05234375
2 0.7859375 0.5890625 0.090625 0.04609375
2 0.5421875 0.875 0.1203125 0.059375
2 0.3765625 0.70546875 0.090625 0.06875
2 0.3375 0.85390625 0.07265625 0.05625