0 0.73046875 0.59609375 0.0890625 0.090625
0 0.60234375 0.22734375 0.075 0.0890625
0 0.3171875 0.2046875 0.0734375 0.08125
0 0.6796875 0.46640625 0.0625 0.0734375
0 0.65 0.50546875 0.0765625 0.0765625
0 0.5421875 0.58671875 0.0828125 0.0765625
0 0.57734375 0.5171875 0.0640625 0.0765625
0 0.58203125 0.4640625 0.071875 0.08125
0 0.42421875 0.55078125 0.0703125 0.0765625
0 0.55078125 0.4 0.059375 0.0859375
0 0.515625 0.45703125 0.0703125 0.09375
0 0.2921875 0.546875 0.075 0.0859375
0 0.1890625 0.5828125 0.078125 0.0859375
0 0.22578125 0.5109375 0.0640625 0.0765625
0 0.184375 0.421875 0.071875 0.0890625
0 0.3203125 0.3359375 0.071875 0.0796875
0 0.14296875 0.66796875 0.06875 0.0890625
0 0.496875 0.390625 0.075 0.0859375
0 0.13515625 0.5609375 0.0734375 0.0953125
0 0.3453125 0.38984375 0.0515625 0.06875