0 0.5734375 0.8625 0.0609375 0.071875
0 0.71953125 0.74921875 0.0421875 0.0546875
0 0.36328125 0.3734375 0.05625 0.03828125
0 0.4390625 0.33359375 0.0375 0.03359375
0 0.5609375 0.475 0.0375 0.03828125
0 0.37734375 0.4453125 0.028125 0.03828125
0 0.375 0.47265625 0.0421875 0.03359375
0 0.5 0.4453125 0.046875 0.03828125
0 0.43359375 0.434375 0.05625 0.0421875
0 0.7734375 0.8125 0.028125 0.0296875
0 0.77578125 0.74453125 0.0328125 0.0296875
0 0.7875 0.71484375 0.0375 0.03828125
0 0.82109375 0.65 0.0375 0.0421875
0 0.60859375 0.6375 0.0375 0.0421875
0 0.5328125 0.71953125 0.046875 0.04609375
0 0.56640625 0.56953125 0.0375 0.03359375
0 0.56875 0.65 0.0421875 0.0421875
0 0.5609375 0.675 0.028125 0.0421875
0 0.58515625 0.7171875 0.028125 0.03359375
0 0.5609375 0.7109375 0.028125 0.03828125
0 0.62265625 0.6078125 0.046875 0.0421875
0 0.50234375 0.65390625 0.0328125 0.025
0 0.50703125 0.67109375 0.0328125 0.025
0 0.5 0.6984375 0.028125 0.0296875
0 0.4859375 0.67734375 0.0375 0.0296875
0 0.471875 0.66484375 0.0375 0.03828125
0 0.48125 0.6328125 0.028125 0.03359375
0 0.46484375 0.61171875 0.0328125 0.03359375
0 0.39140625 0.77421875 0.0375 0.03828125
0 0.1390625 0.81640625 0.0421875 0.03828125
0 0.259375 0.76171875 0.046875 0.04609375
0 0.2640625 0.8984375 0.028125 0.03359375
0 0.45546875 0.890625 0.0328125 0.03359375
0 0.24296875 0.8546875 0.0328125 0.0296875
0 0.26875 0.81875 0.028125 0.03359375
0 0.3609375 0.73203125 0.0421875 0.03828125
0 0.30859375 0.74453125 0.0328125 0.0296875
0 0.328125 0.7359375 0.0328125 0.0296875
0 0.2875 0.8015625 0.0375 0.0421875
0 0.01640625 0.728125 0.0328125 0.04609375
0 0.14609375 0.6921875 0.05625 0.0421875
0 0.29453125 0.70859375 0.0421875 0.0421875
0 0.27109375 0.69609375 0.0328125 0.0421875
0 0.4359375 0.67109375 0.0234375 0.025
0 0.43125 0.65390625 0.0328125 0.025
0 0.19375 0.6375 0.046875 0.03359375
0 0.22421875 0.61796875 0.0515625 0.03828125
0 0.2640625 0.63515625 0.0375 0.0296875
0 0.115625 0.6078125 0.0515625 0.0421875
0 0.01640625 0.5171875 0.0328125 0.04609375
0 0.0609375 0.55078125 0.0375 0.03828125
0 0.09453125 0.47890625 0.028125 0.03828125
0 0.0234375 0.37734375 0.0375 0.03828125
0 0.18359375 0.4046875 0.046875 0.0421875
0 0.1578125 0.5171875 0.0328125 0.03828125
0 0.134375 0.51875 0.0328125 0.03359375
0 0.26171875 0.390625 0.0328125 0.03828125
0 0.203125 0.35859375 0.0375 0.03359375
0 0.21484375 0.37109375 0.0328125 0.03359375
0 0.16484375 0.3015625 0.046875 0.0296875
0 0.31875 0.50234375 0.0328125 0.03359375
0 0.278125 0.47265625 0.0375 0.03359375
0 0.278125 0.4453125 0.0375 0.03828125
0 0.32578125 0.525 0.0375 0.03828125
0 0.134375 0.5671875 0.0515625 0.03828125
0 0.23359375 0.54609375 0.0328125 0.03828125
0 0.3796875 0.60546875 0.0421875 0.0296875
0 0.3015625 0.59296875 0.0375 0.04609375
0 0.28984375 0.55703125 0.0328125 0.03359375
0 0.346875 0.68984375 0.0421875 0.03828125