2 0.74140625 0.08359375 0.0609375 0.0453125
2 0.66640625 0.11640625 0.0828125 0.0640625
2 0.33359375 0.21171875 0.08125 0.0640625
2 0.2703125 0.2265625 0.0828125 0.0703125
2 0.334375 0.27890625 0.0984375 0.065625
2 0.42734375 0.37890625 0.09375 0.0640625
2 0.60625 0.33515625 0.0609375 0.0484375
2 0.21171875 0.33046875 0.075 0.053125
2 0.12109375 0.37734375 0.0953125 0.06875
2 0.18046875 0.3984375 0.0875 0.0578125
2 0.13984375 0.44609375 0.0765625 0.0578125
2 0.1171875 0.4328125 0.06875 0.0453125
2 0.190625 0.53359375 0.0703125 0.046875
2 0.10390625 0.60546875 0.075 0.05
2 0.109375 0.684375 0.0609375 0.0484375
2 0.05859375 0.5125 0.0578125 0.0421875
2 0.8515625 0.3265625 0.0875 0.0625
2 0.90390625 0.328125 0.0625 0.0484375
2 0.93203125 0.334375 0.0703125 0.05625
2 0.90546875 0.42109375 0.0765625 0.065625
2 0.8609375 0.4375 0.0625 0.0484375
2 0.5671875 0.41484375 0.09375 0.0671875
2 0.60234375 0.4390625 0.0640625 0.05625
2 0.5421875 0.48828125 0.08125 0.0578125
2 0.53515625 0.52265625 0.0921875 0.0578125
2 0.53984375 0.553125 0.06875 0.0453125
2 0.5296875 0.5859375 0.0859375 0.0484375
2 0.21171875 0.68515625 0.06875 0.0390625
2 0.25234375 0.61796875 0.0609375 0.0375
2 0.353125 0.6046875 0.06875 0.0484375
2 0.434375 0.61796875 0.0984375 0.053125
2 0.878125 0.578125 0.06875 0.0453125
2 0.80703125 0.62109375 0.0671875 0.0484375
2 0.759375 0.63046875 0.075 0.04375
2 0.2171875 0.80703125 0.0671875 0.0359375
2 0.58046875 0.6546875 0.0625 0.0390625
2 0.49609375 0.64296875 0.0875 0.059375
2 0.453125 0.68984375 0.08125 0.0546875
2 0.5046875 0.6765625 0.0703125 0.05