2 0.14609375 0.69296875 0.065625 0.0921875
2 0.17734375 0.83984375 0.06171875 0.0703125
2 0.4109375 0.28515625 0.0546875 0.0703125
2 0.534375 0.17421875 0.04765625 0.06484375
2 0.05859375 0.40234375 0.05859375 0.07578125
2 0.0765625 0.50234375 0.03671875 0.0703125
2 0.50546875 0.4921875 0.03984375 0.0703125
2 0.5328125 0.56796875 0.04375 0.0703125
2 0.44921875 0.7171875 0.04375 0.07578125
2 0.73515625 0.23125 0.03984375 0.0703125
2 0.6390625 0.08671875 0.04375 0.0546875
2 0.60546875 0.9046875 0.05078125 0.0703125
2 0.72265625 0.83125 0.05078125 0.06484375
2 0.52734375 0.9296875 0.04765625 0.08671875
2 0.31171875 0.1359375 0.0546875 0.06484375