0 0.19296875 0.603125 0.0390625 0.05
0 0.221875 0.634375 0.034375 0.040625
0 0.26484375 0.64140625 0.0265625 0.0359375
0 0.40546875 0.66484375 0.03125 0.0515625
0 0.4421875 0.70390625 0.028125 0.0359375
0 0.621875 0.72421875 0.0375 0.0453125
0 0.8109375 0.76015625 0.046875 0.0453125
0 0.62734375 0.61328125 0.0421875 0.0515625
0 0.91484375 0.61328125 0.0390625 0.0515625
0 0.975 0.6234375 0.028125 0.053125
0 0.70078125 0.615625 0.0265625 0.046875
0 0.7875 0.6109375 0.03125 0.046875
0 0.853125 0.59296875 0.0375 0.0609375
0 0.8359375 0.5515625 0.034375 0.053125
0 0.6234375 0.5 0.034375 0.0625
0 0.6875 0.5078125 0.03125 0.046875
0 0.69140625 0.54921875 0.0390625 0.0359375
0 0.77421875 0.50234375 0.0265625 0.0453125
0 0.753125 0.48984375 0.03125 0.0421875
0 0.771875 0.365625 0.0375 0.05
0 0.6625 0.428125 0.034375 0.0625
0 0.70859375 0.39453125 0.034375 0.0453125
0 0.63125 0.40703125 0.04375 0.0609375
0 0.66953125 0.3734375 0.034375 0.05625
0 0.86640625 0.5203125 0.0203125 0.040625
0 0.89609375 0.5515625 0.03125 0.053125
0 0.81484375 0.33984375 0.0390625 0.0515625
0 0.88046875 0.37109375 0.0390625 0.0515625
0 0.7796875 0.2421875 0.0375 0.053125
0 0.65234375 0.2421875 0.0390625 0.040625
0 0.63125 0.31953125 0.034375 0.0515625
0 0.8453125 0.25234375 0.03125 0.0515625
0 0.5 0.30703125 0.04375 0.0578125
0 0.475 0.3609375 0.0375 0.053125
0 0.58671875 0.3140625 0.0390625 0.0625
0 0.55234375 0.3171875 0.0453125 0.05625
0 0.38203125 0.5796875 0.0453125 0.05625
0 0.22578125 0.52578125 0.034375 0.0515625
0 0.19296875 0.52578125 0.0390625 0.0515625
0 0.21640625 0.4796875 0.03125 0.053125
0 0.384375 0.35859375 0.034375 0.0578125
0 0.37265625 0.278125 0.0421875 0.040625
0 0.37421875 0.31171875 0.0390625 0.0578125
0 0.3125 0.28828125 0.0375 0.0515625
0 0.31484375 0.45390625 0.034375 0.0421875
0 0.4109375 0.4765625 0.034375 0.034375
0 0.28203125 0.30390625 0.03125 0.0515625