1 0.52265625 0.821875 0.0703125 0.046875
1 0.484375 0.86875 0.059375 0.0453125
1 0.38515625 0.8140625 0.0640625 0.0375
1 0.384375 0.84296875 0.0640625 0.040625
1 0.2578125 0.8578125 0.071875 0.05
1 0.32265625 0.52578125 0.1453125 0.1125
1 0.42109375 0.4390625 0.1625 0.140625
1 0.5390625 0.37265625 0.18125 0.1453125
1 0.6890625 0.3796875 0.175 0.15
1 0.62578125 0.415625 0.071875 0.0546875
1 0.35390625 0.6859375 0.1796875 0.1140625
1 0.4609375 0.73828125 0.184375 0.1359375
1 0.54921875 0.6921875 0.171875 0.13125
1 0.58828125 0.625 0.15625 0.1375
1 0.565625 0.54296875 0.184375 0.15625
1 0.48203125 0.6140625 0.1671875 0.14375
1 0.49375 0.51484375 0.071875 0.0515625
1 0.21875 0.553125 0.065625 0.0484375
1 0.24609375 0.62734375 0.078125 0.053125
1 0.1375 0.59921875 0.0671875 0.0546875
1 0.16015625 0.62421875 0.065625 0.05
1 0.284375 0.7171875 0.05625 0.034375
1 0.2578125 0.703125 0.04375 0.0265625
1 0.2328125 0.684375 0.0546875 0.0484375
1 0.20625 0.70546875 0.075 0.040625
1 0.1765625 0.678125 0.0515625 0.034375
1 0.11328125 0.68203125 0.046875 0.0453125
1 0.08984375 0.6984375 0.053125 0.046875
1 0.1046875 0.7265625 0.059375 0.04375
1 0.13203125 0.7875 0.065625 0.053125
1 0.0828125 0.8203125 0.0515625 0.0375
1 0.09765625 0.84453125 0.0578125 0.0390625
1 0.1875 0.8578125 0.0640625 0.040625
1 0.215625 0.81484375 0.065625 0.0484375
1 0.2625 0.77734375 0.0640625 0.0453125
1 0.26171875 0.9265625 0.0640625 0.0390625
1 0.22734375 0.990625 0.0640625 0.01875
1 0.371875 0.91875 0.0609375 0.0484375
1 0.3734375 0.98046875 0.059375 0.0390625
1 0.4015625 0.97578125 0.059375 0.046875
1 0.45 0.975 0.059375 0.0421875
1 0.52734375 0.96640625 0.0578125 0.0421875
1 0.55625 0.9625 0.046875 0.04375
1 0.58046875 0.8828125 0.0625 0.034375
1 0.70390625 0.92734375 0.065625 0.046875
1 0.63515625 0.7265625 0.0515625 0.0359375
1 0.7546875 0.82890625 0.059375 0.046875
1 0.675 0.759375 0.0578125 0.0390625
1 0.6703125 0.703125 0.0453125 0.0375
1 0.69375 0.65390625 0.053125 0.04375
1 0.73828125 0.646875 0.071875 0.0515625
1 0.821875 0.828125 0.059375 0.0484375
1 0.81484375 0.8546875 0.0609375 0.0453125
1 0.8765625 0.84609375 0.0546875 0.04375
1 0.9875 0.86015625 0.025 0.0453125
1 0.9421875 0.77578125 0.0515625 0.0359375
1 0.98203125 0.74453125 0.0359375 0.0390625
1 0.9828125 0.69453125 0.034375 0.0390625
1 0.97734375 0.64453125 0.0453125 0.0453125
1 0.7546875 0.5609375 0.053125 0.0390625
1 0.88671875 0.61640625 0.0546875 0.04375
1 0.9375 0.59765625 0.053125 0.0484375
1 0.97109375 0.5671875 0.0578125 0.04375
1 0.94765625 0.54375 0.0703125 0.04375
1 0.915625 0.534375 0.0578125 0.0421875
1 0.871875 0.54140625 0.05625 0.05
1 0.7890625 0.56796875 0.0703125 0.04375
1 0.82734375 0.50234375 0.065625 0.046875
1 0.8390625 0.46796875 0.0640625 0.0375
1 0.88828125 0.4875 0.0609375 0.0453125
1 0.93515625 0.490625 0.0640625 0.0453125
1 0.8515625 0.37734375 0.0625 0.0359375
1 0.99140625 0.46328125 0.0171875 0.0265625
1 0.984375 0.434375 0.028125 0.0296875
1 0.93359375 0.36171875 0.0515625 0.034375
1 0.921875 0.28203125 0.059375 0.0421875
1 0.78046875 0.3484375 0.0640625 0.0390625
1 0.746875 0.30234375 0.0765625 0.046875
1 0.625 0.3140625 0.0703125 0.0421875
1 0.64375 0.2734375 0.053125 0.0453125
1 0.69765625 0.23984375 0.065625 0.046875
1 0.825 0.2515625 0.0703125 0.0421875
1 0.8296875 0.2140625 0.0703125 0.0421875
1 0.86484375 0.20703125 0.059375 0.0453125
1 0.9140625 0.2140625 0.0703125 0.040625
1 0.89453125 0.16015625 0.065625 0.053125
1 0.44375 0.2125 0.0640625 0.0375
1 0.5171875 0.14921875 0.0640625 0.040625
1 0.26796875 0.24296875 0.0546875 0.0484375
1 0.2015625 0.275 0.0546875 0.0515625
1 0.1765625 0.284375 0.046875 0.046875
1 0.15078125 0.30859375 0.034375 0.028125
1 0.2515625 0.20390625 0.0578125 0.0390625
1 0.28203125 0.1875 0.0640625 0.0390625
1 0.16953125 0.203125 0.0546875 0.0453125
1 0.16796875 0.13515625 0.0765625 0.04375
1 0.27265625 0.07890625 0.053125 0.0421875
1 0.23203125 0.0578125 0.0515625 0.0328125
1 0.30859375 0.04609375 0.0515625 0.0375
1 0.4046875 0.04296875 0.075 0.0390625
1 0.54921875 0.021875 0.059375 0.0421875
1 0.6109375 0.05546875 0.059375 0.0453125
1 0.6640625 0.14609375 0.059375 0.0359375
1 0.79375 0.15546875 0.0484375 0.04375
1 0.75234375 0.11484375 0.075 0.040625
1 0.6515625 0.1109375 0.059375 0.04375
1 0.66796875 0.06875 0.059375 0.0453125
1 0.73984375 0.0953125 0.0703125 0.040625
1 0.6625 0.01953125 0.071875 0.0390625
1 0.7171875 0.025 0.053125 0.040625
1 0.79296875 0.01875 0.0765625 0.0375
1 0.81796875 0.04609375 0.053125 0.04375
1 0.89765625 0.0046875 0.0296875 0.009375
1 0.05625 0.49453125 0.0515625 0.040625
1 0.046875 0.521875 0.0703125 0.0421875
1 0.08203125 0.45390625 0.0703125 0.04375
1 0.08359375 0.40234375 0.071875 0.05
1 0.11484375 0.38828125 0.0640625 0.0375
1 0.06484375 0.32109375 0.075 0.0421875
1 0.0828125 0.22421875 0.0640625 0.0453125
1 0.05234375 0.178125 0.0703125 0.040625
1 0.01875 0.240625 0.0375 0.034375
1 0.01328125 0.1453125 0.0265625 0.040625
1 0.025 0.1046875 0.05 0.04375