0 0.290625 0.33046875 0.05078125 0.06015625
0 0.30546875 0.52734375 0.05078125 0.08203125
0 0.36328125 0.5734375 0.0578125 0.065625
0 0.3890625 0.42890625 0.065625 0.08203125
0 0.47109375 0.48125 0.06171875 0.0765625
0 0.6453125 0.4046875 0.04765625 0.065625
0 0.58359375 0.5078125 0.0328125 0.0546875
0 0.64375 0.70234375 0.03671875 0.04921875
0 0.59609375 0.671875 0.03671875 0.065625
0 0.56328125 0.5953125 0.03671875 0.065625
0 0.5453125 0.4484375 0.04375 0.065625
0 0.6890625 0.18046875 0.03984375 0.0546875
0 0.7328125 0.2734375 0.03984375 0.065625
0 0.71484375 0.33359375 0.03984375 0.0765625
0 0.90390625 0.46484375 0.03984375 0.065625
0 0.76015625 0.17734375 0.04375 0.11484375