0 0.76328125 0.05 0.0859375 0.0625
0 0.30703125 0.44375 0.09375 0.0703125
0 0.46796875 0.315625 0.096875 0.0625
0 0.54375 0.4421875 0.0796875 0.05625
0 0.13671875 0.77109375 0.0796875 0.0640625
0 0.22890625 0.628125 0.078125 0.05625
0 0.3609375 0.58359375 0.0828125 0.05
0 0.47109375 0.528125 0.0671875 0.053125
0 0.25078125 0.56171875 0.09375 0.065625
0 0.14921875 0.5953125 0.078125 0.05625
0 0.040625 0.61796875 0.05 0.0453125
0 0.4265625 0.715625 0.06875 0.0578125
0 0.6234375 0.70546875 0.06875 0.05625
0 0.4765625 0.67890625 0.0671875 0.05
0 0.57265625 0.665625 0.0796875 0.0609375
0 0.615625 0.51875 0.059375 0.040625
0 0.321875 0.675 0.059375 0.0453125
0 0.35703125 0.665625 0.0609375 0.046875
0 0.38828125 0.52265625 0.0796875 0.059375
0 0.640625 0.5875 0.06875 0.05625
0 0.6703125 0.609375 0.0625 0.053125
0 0.965625 0.525 0.06875 0.0625
0 0.75625 0.4796875 0.0671875 0.05
0 0.73515625 0.51015625 0.0671875 0.053125
0 0.640625 0.4328125 0.0796875 0.0546875
0 0.784375 0.3546875 0.0671875 0.0515625
0 0.7421875 0.3390625 0.0640625 0.0421875
0 0.7625 0.34453125 0.0578125 0.0515625
0 0.459375 0.578125 0.071875 0.0484375