2 0.1890625 0.53203125 0.025 0.0265625
2 0.15625 0.48828125 0.0203125 0.028125
2 0.1578125 0.46484375 0.021875 0.0328125
2 0.19140625 0.48828125 0.0234375 0.0328125
2 0.21484375 0.50625 0.0265625 0.0328125
2 0.23515625 0.51875 0.021875 0.0328125
2 0.3671875 0.42421875 0.0203125 0.0265625
2 0.4078125 0.42734375 0.0234375 0.0265625
2 0.40859375 0.41171875 0.0171875 0.0265625
2 0.45390625 0.36640625 0.021875 0.0328125
2 0.42265625 0.19609375 0.021875 0.028125
2 0.4375 0.215625 0.0265625 0.0328125
2 0.43984375 0.25390625 0.0203125 0.028125
2 0.52265625 0.10390625 0.0234375 0.0328125
2 0.515625 0.234375 0.021875 0.0390625
2 0.48203125 0.42109375 0.028125 0.0328125
2 0.490625 0.453125 0.01875 0.0328125
2 0.48828125 0.48125 0.025 0.028125
2 0.6359375 0.18359375 0.0203125 0.028125
2 0.63046875 0.1984375 0.021875 0.028125
2 0.646875 0.2796875 0.0234375 0.0328125
2 0.56796875 0.38984375 0.0203125 0.0265625
2 0.58125 0.3203125 0.021875 0.0328125
2 0.6703125 0.3 0.0171875 0.0265625
2 0.67578125 0.30625 0.021875 0.028125
2 0.74453125 0.23203125 0.021875 0.0328125
2 0.72421875 0.24296875 0.021875 0.028125
2 0.68828125 0.23203125 0.01875 0.0328125
2 0.69609375 0.42734375 0.0203125 0.028125
2 0.73125 0.40390625 0.0265625 0.0265625
2 0.70078125 0.3703125 0.0140625 0.0171875
2 0.6515625 0.5828125 0.021875 0.028125
2 0.6421875 0.60234375 0.021875 0.028125
2 0.696875 0.50703125 0.021875 0.0328125
2 0.7 0.51953125 0.021875 0.028125
2 0.7046875 0.571875 0.025 0.028125
2 0.71875 0.5765625 0.0234375 0.0328125
2 0.534375 0.61875 0.025 0.0265625
2 0.503125 0.5984375 0.0234375 0.0328125
2 0.23984375 0.7046875 0.0265625 0.0328125
2 0.17890625 0.73515625 0.0171875 0.0203125
2 0.3109375 0.71875 0.021875 0.0265625
2 0.3375 0.76015625 0.021875 0.0328125
2 0.34375 0.73984375 0.0234375 0.0328125
2 0.3734375 0.87734375 0.0234375 0.0328125
2 0.4078125 0.78125 0.01875 0.0328125
2 0.46796875 0.7328125 0.021875 0.0265625
2 0.44609375 0.75859375 0.021875 0.0328125
2 0.459375 0.76328125 0.025 0.0390625
2 0.46328125 0.8328125 0.021875 0.0328125
2 0.50859375 0.8421875 0.0234375 0.0328125
2 0.509375 0.81171875 0.01875 0.0328125
2 0.5265625 0.48671875 0.0171875 0.0203125
2 0.6171875 0.61953125 0.0234375 0.0328125
2 0.684375 0.60390625 0.0234375 0.0328125
2 0.69140625 0.61484375 0.0234375 0.0328125
2 0.69453125 0.64375 0.0171875 0.0265625