0 0.28671875 0.8140625 0.034375 0.04140625
0 0.2734375 0.58515625 0.03046875 0.04609375
0 0.40390625 0.7703125 0.03046875 0.0359375
0 0.375 0.7734375 0.0265625 0.03125
0 0.3234375 0.72421875 0.0234375 0.0359375
0 0.3015625 0.69296875 0.0265625 0.0359375
0 0.4765625 0.6109375 0.03046875 0.0359375
0 0.425 0.6546875 0.034375 0.04140625
0 0.4171875 0.6828125 0.0421875 0.0359375
0 0.42109375 0.47421875 0.0265625 0.04140625
0 0.43671875 0.46171875 0.0265625 0.0359375
0 0.4078125 0.4125 0.03828125 0.0515625
0 0.459375 0.4125 0.034375 0.04140625
0 0.440625 0.34296875 0.0265625 0.0359375
0 0.4484375 0.5671875 0.034375 0.04140625
0 0.4265625 0.3890625 0.03828125 0.0359375