1 0.4265625 0.3078125 0.0625 0.090625
1 0.421875 0.3859375 0.090625 0.0984375
1 0.475 0.44921875 0.078125 0.1
1 0.6421875 0.41796875 0.0671875 0.109375
1 0.73359375 0.33984375 0.071875 0.13125
1 0.56875 0.571875 0.05625 0.09375
1 0.4265625 0.5421875 0.0609375 0.0953125
1 0.7375 0.53203125 0.0484375 0.0765625
1 0.5265625 0.68515625 0.0625 0.084375
1 0.753125 0.62109375 0.0640625 0.06875
1 0.73515625 0.65625 0.0578125 0.0625
1 0.66171875 0.640625 0.059375 0.084375
1 0.6359375 0.696875 0.040625 0.0578125
1 0.65859375 0.72890625 0.046875 0.0765625
1 0.72421875 0.73046875 0.0703125 0.08125
1 0.59140625 0.753125 0.0515625 0.0625
1 0.54296875 0.81953125 0.046875 0.075
1 0.43125 0.759375 0.053125 0.0890625
1 0.46796875 0.8546875 0.0796875 0.1109375
1 0.075 0.59296875 0.05 0.065625
1 0.2265625 0.596875 0.0515625 0.084375
1 0.1546875 0.65859375 0.0484375 0.065625
1 0.23125 0.6921875 0.0671875 0.08125
1 0.18359375 0.73359375 0.05 0.071875
1 0.14375 0.7859375 0.059375 0.0734375
1 0.19921875 0.7953125 0.0484375 0.078125
1 0.234375 0.81796875 0.059375 0.084375
1 0.24453125 0.76171875 0.0609375 0.0796875
1 0.2875 0.77421875 0.065625 0.0875
1 0.2796875 0.8515625 0.0671875 0.109375
1 0.32578125 0.8765625 0.0515625 0.0671875
1 0.4828125 0.0640625 0.059375 0.090625
1 0.79765625 0.5078125 0.046875 0.075
1 0.85390625 0.3953125 0.0875 0.1015625
1 0.94609375 0.1875 0.06875 0.1046875
1 0.94765625 0.3546875 0.078125 0.1234375