0 0.70546875 0.37578125 0.090625 0.06875
0 0.80546875 0.3875 0.0890625 0.0796875
0 0.61875 0.44140625 0.10625 0.0953125
0 0.3171875 0.37265625 0.0921875 0.0625
0 0.375 0.42109375 0.084375 0.0671875
0 0.65625 0.74609375 0.0828125 0.0609375
0 0.43828125 0.71953125 0.0859375 0.05625
0 0.48359375 0.74609375 0.0671875 0.059375
0 0.4484375 0.74765625 0.0796875 0.0671875
0 0.49765625 0.6609375 0.084375 0.0671875
0 0.5578125 0.72265625 0.0828125 0.0609375
0 0.76484375 0.5796875 0.08125 0.065625
0 0.728125 0.62109375 0.1140625 0.08125
0 0.48828125 0.609375 0.08125 0.0625
0 0.5125 0.59609375 0.0875 0.0609375
0 0.2328125 0.45 0.0828125 0.0625
0 0.11171875 0.49609375 0.0859375 0.053125
0 0.1765625 0.4640625 0.09375 0.065625
0 0.05546875 0.51171875 0.0765625 0.0546875
0 0.10625 0.44140625 0.0796875 0.0546875
0 0.48515625 0.4890625 0.071875 0.059375
0 0.60859375 0.50859375 0.0625 0.059375
0 0.72734375 0.428125 0.0828125 0.084375
0 0.578125 0.49296875 0.0734375 0.0640625
0 0.6953125 0.459375 0.0796875 0.0640625
0 0.59375 0.66328125 0.0953125 0.053125
0 0.3109375 0.5515625 0.0578125 0.04375
0 0.97265625 0.1578125 0.0546875 0.075
0 0.91796875 0.271875 0.06875 0.05