1 0.14296875 0.96640625 0.04609375 0.05703125
1 0.16796875 0.9171875 0.034375 0.06171875
1 0.22578125 0.8140625 0.0421875 0.0515625
1 0.2859375 0.7265625 0.05390625 0.0515625
1 0.2453125 0.68828125 0.05 0.05703125
1 0.2875 0.54375 0.034375 0.05703125
1 0.27578125 0.50234375 0.0421875 0.05703125
1 0.61796875 0.6984375 0.03828125 0.05703125
1 0.79921875 0.87890625 0.03125 0.0671875
1 0.20234375 0.4125 0.02734375 0.0515625
1 0.36875 0.38671875 0.034375 0.04140625
1 0.4921875 0.3609375 0.0421875 0.0515625
1 0.78984375 0.46640625 0.034375 0.05703125
1 0.29921875 0.1546875 0.02734375 0.04140625
1 0.32265625 0.1625 0.034375 0.05703125