0 0.434375 0.43671875 0.02421875 0.040625
0 0.44140625 0.421875 0.02421875 0.04609375
0 0.49453125 0.4078125 0.0203125 0.040625
0 0.5140625 0.39921875 0.02421875 0.04609375
0 0.45 0.5546875 0.02734375 0.04609375
0 0.571875 0.60390625 0.02421875 0.040625
0 0.55 0.45703125 0.0203125 0.04609375
0 0.59140625 0.41875 0.0203125 0.040625
0 0.67734375 0.5140625 0.0203125 0.034375
0 0.48828125 0.52890625 0.0203125 0.040625
0 0.60625 0.48828125 0.02421875 0.040625
0 0.6359375 0.60703125 0.02734375 0.034375
0 0.4671875 0.6296875 0.02734375 0.04609375
0 0.5171875 0.49140625 0.03125 0.04609375
0 0.19921875 0.62734375 0.02734375 0.040625
0 0.05 0.53203125 0.02421875 0.034375
0 0.04609375 0.5609375 0.02421875 0.04609375
0 0.14921875 0.4828125 0.02421875 0.040625
0 0.11171875 0.61015625 0.02421875 0.040625
0 0.1375 0.69375 0.0203125 0.034375
0 0.203125 0.7515625 0.0203125 0.034375
0 0.26796875 0.72265625 0.0203125 0.034375
0 0.0890625 0.66796875 0.02734375 0.040625
0 0.1359375 0.540625 0.02421875 0.040625
0 0.221875 0.11015625 0.02421875 0.04609375
0 0.19609375 0.12109375 0.02734375 0.04609375
0 0.21640625 0.15625 0.034375 0.0578125
0 0.1546875 0.21953125 0.0203125 0.04609375
0 0.16484375 0.31796875 0.034375 0.0578125
0 0.17734375 0.69375 0.02421875 0.034375
0 0.29375 0.78359375 0.0171875 0.02890625
0 0.31796875 0.79765625 0.0171875 0.034375
0 0.071875 0.9046875 0.02734375 0.05234375
0 0.1171875 0.85 0.02734375 0.04609375