1 0.81640625 0.23359375 0.134375 0.0859375
1 0.14375 0.171875 0.1546875 0.06875
1 0.7140625 0.61484375 0.1484375 0.1015625
1 0.53203125 0.6078125 0.125 0.1
1 0.5109375 0.51484375 0.15 0.1203125
1 0.39765625 0.48359375 0.13125 0.06875
1 0.4046875 0.54921875 0.14375 0.1109375
1 0.296875 0.47265625 0.1171875 0.0859375
1 0.2109375 0.5234375 0.1359375 0.09375
1 0.06328125 0.55859375 0.115625 0.0828125
1 0.0453125 0.3953125 0.090625 0.08125
1 0.1828125 0.5875 0.125 0.0703125
1 0.0546875 0.62109375 0.090625 0.065625