0 0.26640625 0.3015625 0.05390625 0.0875
0 0.41875 0.20859375 0.065625 0.11875
0 0.33359375 0.08515625 0.0578125 0.07734375
0 0.57890625 0.04921875 0.06171875 0.0875
0 0.575 0.39453125 0.07734375 0.0875
0 0.540625 0.2703125 0.04609375 0.10859375
0 0.11953125 0.309375 0.05390625 0.0828125
0 0.23515625 0.08515625 0.03125 0.05703125
0 0.03671875 0.27578125 0.05 0.0671875
0 0.03828125 0.21875 0.03828125 0.04609375
0 0.07109375 0.36328125 0.065625 0.0671875
0 0.2046875 0.91015625 0.04609375 0.05703125
0 0.16953125 0.8375 0.03828125 0.05703125
0 0.0671875 0.63125 0.0421875 0.07734375
0 0.1796875 0.45625 0.05 0.05703125
0 0.23203125 0.45078125 0.04609375 0.07734375
0 0.171875 0.54140625 0.065625 0.0828125
0 0.3359375 0.56953125 0.06171875 0.0875
0 0.2875 0.62109375 0.0421875 0.07734375
0 0.20234375 0.721875 0.0421875 0.071875
0 0.2296875 0.7265625 0.034375 0.071875
0 0.68359375 0.8609375 0.03125 0.0515625
0 0.72578125 0.8375 0.05390625 0.0875
0 0.86875 0.55390625 0.04609375 0.05703125
0 0.728125 0.3171875 0.05 0.09765625
0 0.8359375 0.20625 0.05 0.06171875
0 0.77421875 0.5953125 0.05 0.07734375
0 0.61796875 0.484375 0.05390625 0.071875
0 0.6890625 0.471875 0.0421875 0.0671875
0 0.47265625 0.64140625 0.0578125 0.10859375
0 0.66640625 0.6671875 0.065625 0.0671875
0 0.5328125 0.79921875 0.06171875 0.071875
0 0.540625 0.71875 0.07734375 0.07734375
0 0.3859375 0.6828125 0.04609375 0.0671875
0 0.55390625 0.52578125 0.05 0.09296875
0 0.4828125 0.515625 0.06171875 0.06171875
0 0.35546875 0.50234375 0.06171875 0.0671875
0 0.31484375 0.46875 0.05 0.0828125
0 0.5328125 0.603125 0.05390625 0.071875