1 0.31640625 0.60703125 0.01953125 0.03671875
1 0.28359375 0.5796875 0.01953125 0.04296875
1 0.27578125 0.54609375 0.02265625 0.04921875
1 0.32578125 0.55546875 0.01953125 0.05546875
1 0.3484375 0.659375 0.01953125 0.04296875
1 0.36484375 0.62578125 0.01953125 0.03671875
1 0.36953125 0.5921875 0.01640625 0.03046875
1 0.43203125 0.60703125 0.01953125 0.03671875
1 0.22109375 0.51875 0.01640625 0.04296875
1 0.22109375 0.35859375 0.01640625 0.05546875
1 0.1890625 0.5859375 0.01640625 0.04296875
1 0.23359375 0.5828125 0.02265625 0.03671875
1 0.29375 0.4015625 0.02578125 0.04296875
1 0.31796875 0.45703125 0.02265625 0.04296875
1 0.41484375 0.4015625 0.02265625 0.04296875
1 0.4390625 0.5125 0.01953125 0.04296875
1 0.46328125 0.4875 0.02265625 0.03046875
1 0.4421875 0.71796875 0.01953125 0.03671875
1 0.47109375 0.68984375 0.02578125 0.03046875
1 0.47890625 0.5890625 0.02265625 0.03671875
1 0.4921875 0.5 0.01640625 0.03046875
1 0.48515625 0.4328125 0.02265625 0.04296875
1 0.390625 0.69609375 0.01953125 0.03046875
1 0.32578125 0.69921875 0.01953125 0.03671875
1 0.396875 0.2703125 0.01953125 0.04921875
1 0.6609375 0.153125 0.02578125 0.03671875
1 0.63203125 0.31875 0.01953125 0.03671875
1 0.62109375 0.2484375 0.02265625 0.04296875
1 0.63046875 0.53671875 0.01640625 0.04296875
1 0.63359375 0.52109375 0.01640625 0.03671875
1 0.51796875 0.346875 0.01640625 0.03046875
1 0.696875 0.27890625 0.02578125 0.04296875
1 0.66328125 0.28828125 0.01640625 0.03671875
1 0.63671875 0.22109375 0.01640625 0.03671875