0 0.2546875 0.3828125 0.065625 0.0765625
0 0.31796875 0.39609375 0.04765625 0.07109375
0 0.15078125 0.38515625 0.0328125 0.04921875
0 0.1453125 0.4234375 0.03671875 0.06015625
0 0.13984375 0.46171875 0.0328125 0.04921875
0 0.1125 0.43984375 0.02890625 0.04921875
0 0.11640625 0.803125 0.0578125 0.0765625
0 0.1578125 0.66953125 0.03984375 0.08203125
0 0.1015625 0.64453125 0.04375 0.0765625
0 0.23671875 0.75703125 0.03671875 0.06015625
0 0.2546875 0.76484375 0.02890625 0.0546875
0 0.21484375 0.65 0.04375 0.0546875
0 0.3984375 0.78984375 0.04765625 0.06015625
0 0.28203125 0.64453125 0.03984375 0.065625
0 0.30390625 0.89375 0.04765625 0.06015625
0 0.3671875 0.64453125 0.02890625 0.04375
0 0.41640625 0.66953125 0.03984375 0.04921875
0 0.30546875 0.759375 0.02890625 0.04375
0 0.2125 0.5109375 0.0328125 0.06015625
0 0.22578125 0.48125 0.03671875 0.04375
0 0.26328125 0.53828125 0.0328125 0.06015625
0 0.28359375 0.48359375 0.04375 0.04921875
0 0.42734375 0.36875 0.0328125 0.04921875
0 0.39453125 0.53515625 0.03984375 0.065625
0 0.3578125 0.4921875 0.0328125 0.0546875
0 0.33671875 0.5078125 0.03984375 0.04375
0 0.43671875 0.478125 0.02890625 0.04921875
0 0.4109375 0.49765625 0.04375 0.0546875
0 0.42578125 0.521875 0.03671875 0.04921875
0 0.48359375 0.51640625 0.03671875 0.07109375
0 0.4796875 0.5515625 0.04375 0.04375
0 0.47265625 0.584375 0.05078125 0.0546875
0 0.509375 0.57890625 0.04375 0.0546875
0 0.53984375 0.57109375 0.0328125 0.07109375
0 0.5578125 0.51640625 0.04765625 0.08203125
0 0.5765625 0.5765625 0.06171875 0.06015625
0 0.5796875 0.43984375 0.03984375 0.06015625
0 0.64921875 0.5296875 0.03984375 0.065625
0 0.59296875 0.31953125 0.03671875 0.07109375
0 0.77421875 0.2625 0.04375 0.0875
0 0.721875 0.39921875 0.0328125 0.0546875
0 0.74375 0.4234375 0.04765625 0.07109375
0 0.81484375 0.5109375 0.04375 0.06015625
0 0.6328125 0.46484375 0.04375 0.0546875
0 0.60546875 0.3796875 0.04765625 0.06015625
0 0.61640625 0.42109375 0.03984375 0.04375
0 0.6984375 0.5515625 0.04375 0.0765625
0 0.7546875 0.50546875 0.03984375 0.04921875
0 0.81796875 0.5875 0.03671875 0.07109375
0 0.121875 0.72109375 0.02578125 0.04375
0 0.48203125 0.671875 0.04765625 0.0546875