1 0.2421875 0.48046875 0.03125 0.034375
1 0.3375 0.66015625 0.04609375 0.03125
1 0.396875 0.68125 0.04140625 0.034375
1 0.68828125 0.615625 0.04609375 0.034375
1 0.79375 0.43828125 0.0515625 0.0421875
1 0.559375 0.484375 0.05703125 0.034375
1 0.60078125 0.45390625 0.0359375 0.034375
1 0.70390625 0.43984375 0.04609375 0.03125
1 0.5640625 0.34921875 0.0359375 0.034375
1 0.39140625 0.35546875 0.04140625 0.03828125
1 0.33515625 0.38203125 0.04140625 0.03125
1 0.2734375 0.44765625 0.0515625 0.03828125
1 0.2734375 0.4265625 0.04140625 0.02734375
1 0.29140625 0.41328125 0.0359375 0.03125
1 0.31171875 0.40703125 0.04609375 0.02734375