0 0.55703125 0.8765625 0.0421875 0.040625
0 0.64375 0.76328125 0.0390625 0.0359375
0 0.515625 0.8265625 0.0359375 0.034375
0 0.57734375 0.7734375 0.0390625 0.0390625
0 0.46015625 0.7171875 0.0453125 0.040625
0 0.38125 0.73046875 0.0453125 0.0453125
0 0.325 0.53984375 0.046875 0.046875
0 0.27734375 0.5765625 0.0390625 0.0359375
0 0.25703125 0.69765625 0.040625 0.0390625
0 0.934375 0.2953125 0.0453125 0.040625
0 0.90078125 0.27421875 0.0421875 0.0421875
0 0.81328125 0.221875 0.040625 0.0453125
0 0.93125 0.315625 0.0359375 0.0390625
0 0.75078125 0.1625 0.046875 0.0515625
0 0.78125 0.228125 0.0359375 0.0390625
0 0.80703125 0.25859375 0.0375 0.0359375
0 0.74921875 0.121875 0.0359375 0.034375
0 0.73828125 0.07265625 0.0390625 0.03125
0 0.84765625 0.2890625 0.04375 0.0515625
0 0.75546875 0.2375 0.040625 0.0453125
0 0.790625 0.2703125 0.04375 0.0515625
0 0.57890625 0.68046875 0.0421875 0.040625
0 0.25234375 0.55703125 0.0375 0.0375
0 0.26875 0.5640625 0.0421875 0.046875
0 0.24765625 0.5234375 0.0390625 0.0390625