0 0.7875 0.7484375 0.04375 0.0484375
0 0.740625 0.5234375 0.0421875 0.0515625
0 0.6625 0.7359375 0.0375 0.040625
0 0.69140625 0.73203125 0.0328125 0.0359375
0 0.72890625 0.67109375 0.0296875 0.040625
0 0.74140625 0.63515625 0.0359375 0.0421875
0 0.5515625 0.60078125 0.0390625 0.040625
0 0.6125 0.6296875 0.04375 0.0484375
0 0.62734375 0.65546875 0.0484375 0.04375
0 0.56953125 0.4546875 0.0359375 0.046875
0 0.5515625 0.446875 0.034375 0.0421875
0 0.56640625 0.39140625 0.0484375 0.0578125
0 0.51640625 0.4046875 0.04375 0.0484375
0 0.51640625 0.3328125 0.0328125 0.040625
0 0.5671875 0.5515625 0.04375 0.0484375
0 0.5421875 0.37421875 0.0453125 0.0421875