1 0.2734375 0.771875 0.03046875 0.053125
1 0.26171875 0.8546875 0.0265625 0.053125
1 0.28671875 0.8640625 0.03046875 0.059375
1 0.32890625 0.96484375 0.03359375 0.059375
1 0.3828125 0.87265625 0.0265625 0.053125
1 0.38125 0.9109375 0.03046875 0.04765625
1 0.17265625 0.43515625 0.03046875 0.053125
1 0.51015625 0.8046875 0.0265625 0.04765625
1 0.496875 0.78671875 0.0265625 0.059375
1 0.03046875 0.51796875 0.0265625 0.053125
1 0.0421875 0.615625 0.0234375 0.04765625
1 0.05390625 0.64765625 0.0265625 0.053125
1 0.05859375 0.4109375 0.03046875 0.053125
1 0.05 0.32265625 0.0265625 0.053125
1 0.10390625 0.66875 0.0203125 0.04765625
1 0.12890625 0.6421875 0.0234375 0.0296875
1 0.1171875 0.68046875 0.0203125 0.03515625
1 0.1359375 0.496875 0.01640625 0.03515625
1 0.12578125 0.51171875 0.0234375 0.04140625
1 0.1765625 0.7015625 0.0234375 0.0296875
1 0.17421875 0.721875 0.0265625 0.03515625
1 0.1125 0.71875 0.0234375 0.0296875
1 0.17265625 0.225 0.01640625 0.03515625
1 0.184375 0.284375 0.0203125 0.03515625
1 0.20625 0.3078125 0.0234375 0.03515625
1 0.2234375 0.15390625 0.0234375 0.03515625
1 0.2453125 0.1890625 0.0265625 0.04765625
1 0.25859375 0.275 0.0265625 0.053125
1 0.2765625 0.2515625 0.0234375 0.04140625
1 0.3 0.275 0.0234375 0.04140625
1 0.384375 0.328125 0.0234375 0.04140625
1 0.42421875 0.26640625 0.0234375 0.03515625
1 0.38125 0.20390625 0.03046875 0.04140625
1 0.3875 0.23046875 0.0234375 0.03515625
1 0.44140625 0.1953125 0.0234375 0.03515625
1 0.41796875 0.16875 0.03046875 0.053125
1 0.45625 0.31953125 0.0203125 0.03515625
1 0.5265625 0.34921875 0.0203125 0.04765625
1 0.5421875 0.42890625 0.0234375 0.04140625
1 0.5421875 0.6421875 0.0234375 0.04140625
1 0.56171875 0.65703125 0.0234375 0.04765625
1 0.5875 0.7015625 0.0203125 0.053125
1 0.60234375 0.659375 0.0234375 0.04140625
1 0.62578125 0.721875 0.0234375 0.04765625
1 0.62578125 0.87265625 0.0234375 0.04140625
1 0.62734375 0.946875 0.03359375 0.04765625
1 0.64609375 0.9171875 0.0234375 0.04765625
1 0.69296875 0.92890625 0.0234375 0.04765625
1 0.69140625 0.9765625 0.0203125 0.03515625
1 0.7234375 0.6921875 0.0234375 0.04765625
1 0.64453125 0.6984375 0.0265625 0.03515625
1 0.64453125 0.65703125 0.0265625 0.03515625
1 0.64921875 0.6125 0.0234375 0.04140625
1 0.57578125 0.5859375 0.0234375 0.04765625
1 0.5859375 0.57109375 0.0234375 0.04140625
1 0.6359375 0.56796875 0.0234375 0.04765625
1 0.6625 0.5296875 0.0234375 0.04140625
1 0.73671875 0.89921875 0.03046875 0.059375
1 0.6828125 0.6421875 0.0234375 0.04140625
1 0.71171875 0.60625 0.0265625 0.053125
1 0.7546875 0.73359375 0.0265625 0.03515625
1 0.74296875 0.6328125 0.0234375 0.059375
1 0.73671875 0.5828125 0.03046875 0.04140625
1 0.7984375 0.74296875 0.0203125 0.053125
1 0.821875 0.76640625 0.0265625 0.053125
1 0.7734375 0.61796875 0.0234375 0.04140625
1 0.77890625 0.559375 0.0265625 0.04140625
1 0.7921875 0.59140625 0.0265625 0.04765625
1 0.80859375 0.65703125 0.0265625 0.04765625
1 0.83203125 0.7015625 0.0265625 0.053125
1 0.859375 0.6953125 0.0203125 0.04140625
1 0.84921875 0.6390625 0.0265625 0.04765625
1 0.87421875 0.65703125 0.0234375 0.04765625
1 0.8859375 0.671875 0.0265625 0.04140625
1 0.87890625 0.71328125 0.0265625 0.04140625
1 0.928125 0.7453125 0.0234375 0.04765625
1 0.93828125 0.8046875 0.0234375 0.04765625
1 0.96328125 0.659375 0.0265625 0.053125
1 0.8140625 0.54765625 0.0234375 0.04140625
1 0.87421875 0.56484375 0.0234375 0.053125
1 0.90078125 0.57109375 0.0234375 0.04140625
1 0.78203125 0.50859375 0.0265625 0.04765625
1 0.98828125 0.659375 0.01640625 0.04140625
1 0.84765625 0.47890625 0.0234375 0.04765625
1 0.959375 0.4234375 0.0203125 0.04140625
1 0.74296875 0.40234375 0.01640625 0.04765625
1 0.684375 0.4203125 0.0203125 0.04765625
1 0.71171875 0.384375 0.0203125 0.04765625
1 0.7015625 0.37578125 0.0203125 0.04140625
1 0.76640625 0.15703125 0.0234375 0.053125
1 0.7921875 0.4375 0.0203125 0.04765625
1 0.64765625 0.4171875 0.0265625 0.04140625
1 0.6359375 0.38203125 0.01640625 0.0296875
1 0.6609375 0.29609375 0.0203125 0.04765625
1 0.59921875 0.4171875 0.01640625 0.04140625
1 0.6140625 0.37265625 0.0203125 0.04765625
1 0.56875 0.37265625 0.01640625 0.04765625
1 0.565625 0.340625 0.0234375 0.04140625
1 0.6140625 0.32578125 0.0203125 0.03515625
1 0.61875 0.278125 0.01640625 0.04765625
1 0.83359375 0.04453125 0.0234375 0.053125
1 0.98359375 0.0328125 0.0203125 0.053125
1 0.55 0.28671875 0.0203125 0.04140625
1 0.56171875 0.3046875 0.01640625 0.04140625
1 0.57890625 0.28984375 0.01640625 0.04765625
1 0.521875 0.23046875 0.01640625 0.03515625
1 0.5046875 0.24296875 0.01640625 0.04765625
1 0.5 0.17421875 0.0203125 0.053125
1 0.4765625 0.215625 0.0203125 0.04140625
1 0.5734375 0.2015625 0.0203125 0.03515625
1 0.58203125 0.225 0.0234375 0.04765625
1 0.6328125 0.23046875 0.0234375 0.04765625
1 0.64453125 0.1984375 0.0203125 0.04140625
1 0.65625 0.21875 0.0234375 0.04765625
1 0.7046875 0.28125 0.0203125 0.04140625
1 0.69765625 0.26328125 0.0203125 0.04140625
1 0.5953125 0.4671875 0.0234375 0.0234375
1 0.590625 0.45546875 0.0203125 0.03515625