2 0.875 0.55703125 0.053125 0.0640625
2 0.703125 0.58671875 0.0421875 0.05
2 0.62578125 0.5359375 0.046875 0.0578125
2 0.60625 0.54375 0.0421875 0.05625
2 0.5703125 0.47734375 0.0421875 0.05625
2 0.50703125 0.4625 0.0484375 0.059375
2 0.4953125 0.5296875 0.0390625 0.0515625
2 0.50859375 0.55078125 0.040625 0.0453125
2 0.52109375 0.5953125 0.0421875 0.05625
2 0.5578125 0.6625 0.0375 0.0453125
2 0.5609375 0.725 0.0375 0.046875
2 0.44453125 0.653125 0.0421875 0.05
2 0.8015625 0.6765625 0.040625 0.0453125
2 0.79921875 0.70703125 0.040625 0.040625
2 0.7875 0.7421875 0.0375 0.046875
2 0.7671875 0.7484375 0.0421875 0.05
2 0.753125 0.771875 0.0390625 0.05
2 0.7296875 0.7453125 0.046875 0.053125
2 0.721875 0.7796875 0.04375 0.0578125
2 0.70546875 0.7984375 0.040625 0.0453125
2 0.6921875 0.76484375 0.0421875 0.0546875
2 0.678125 0.7875 0.040625 0.0578125
2 0.675 0.8140625 0.0375 0.046875
2 0.66328125 0.8140625 0.03125 0.040625
2 0.6234375 0.8 0.04375 0.0609375
2 0.5921875 0.8 0.0421875 0.05
2 0.584375 0.84140625 0.0453125 0.0375
2 0.5671875 0.8125 0.040625 0.046875
2 0.55234375 0.82890625 0.046875 0.053125
2 0.50546875 0.79765625 0.0328125 0.0453125
2 0.4890625 0.83984375 0.0421875 0.0515625
2 0.44296875 0.83203125 0.0453125 0.053125
2 0.4703125 0.775 0.0421875 0.0515625
2 0.43359375 0.78125 0.0390625 0.0515625
2 0.41875 0.79453125 0.034375 0.040625
2 0.434375 0.71875 0.0390625 0.05
2 0.37890625 0.79140625 0.0421875 0.0515625
2 0.3640625 0.74140625 0.0390625 0.0515625
2 0.3234375 0.790625 0.0421875 0.05
2 0.27578125 0.76953125 0.0375 0.0453125
2 0.25 0.76171875 0.0390625 0.0515625
2 0.2296875 0.74375 0.034375 0.05
2 0.2046875 0.72734375 0.0390625 0.05
2 0.18515625 0.71484375 0.0421875 0.05
2 0.16171875 0.690625 0.034375 0.0546875
2 0.1921875 0.6875 0.034375 0.0421875
2 0.19296875 0.6609375 0.046875 0.0515625
2 0.2625 0.71953125 0.0375 0.0453125
2 0.29296875 0.7140625 0.0375 0.0453125
2 0.340625 0.675 0.0453125 0.0578125
2 0.365625 0.63671875 0.046875 0.0625
2 0.084375 0.43203125 0.040625 0.0453125
2 0.10390625 0.44453125 0.0375 0.0453125
2 0.10859375 0.48046875 0.040625 0.0453125
2 0.20546875 0.4390625 0.0375 0.0390625
2 0.2625 0.465625 0.0421875 0.0515625
2 0.23671875 0.4625 0.0375 0.0453125
2 0.159375 0.32421875 0.046875 0.0484375
2 0.24921875 0.25625 0.040625 0.046875
2 0.23515625 0.31875 0.0390625 0.05
2 0.14375 0.25625 0.0515625 0.0625
2 0.33828125 0.4296875 0.0421875 0.05625
2 0.35234375 0.39765625 0.05 0.053125
2 0.35234375 0.30390625 0.05 0.053125
2 0.32109375 0.271875 0.0546875 0.0640625
2 0.35078125 0.37734375 0.0453125 0.04375
2 0.68359375 0.33125 0.046875 0.05625
2 0.71796875 0.29921875 0.046875 0.0578125
2 0.7 0.28125 0.040625 0.046875
2 0.6625 0.25625 0.0453125 0.0484375
2 0.54453125 0.39765625 0.05 0.0578125
2 0.54921875 0.28203125 0.053125 0.0578125
2 0.5328125 0.33125 0.040625 0.046875
2 0.51171875 0.35703125 0.0375 0.0453125
2 0.4859375 0.3453125 0.0375 0.0453125
2 0.43828125 0.3484375 0.0515625 0.0578125
2 0.4609375 0.60390625 0.0390625 0.0515625