0 0.5609375 0.43125 0.1421875 0.125
0 0.61875 0.29921875 0.1171875 0.0921875
0 0.6453125 0.42109375 0.1109375 0.090625
0 0.5328125 0.60078125 0.1015625 0.0828125
0 0.68046875 0.23046875 0.1109375 0.084375
0 0.72890625 0.16484375 0.1234375 0.0859375
0 0.78203125 0.096875 0.1 0.0921875
0 0.453125 0.81015625 0.0828125 0.0734375
0 0.4296875 0.690625 0.11875 0.1015625
0 0.496875 0.52109375 0.121875 0.0890625
0 0.47265625 0.57421875 0.1140625 0.06875
0 0.59140625 0.58515625 0.090625 0.090625
0 0.88046875 0.07265625 0.0921875 0.0640625
0 0.38671875 0.80234375 0.1171875 0.090625
0 0.8796875 0.0328125 0.078125 0.065625