1 0.61484375 0.7765625 0.090625 0.0609375
1 0.55625 0.60703125 0.084375 0.0578125
1 0.42890625 0.58046875 0.0828125 0.053125
1 0.440625 0.6171875 0.0828125 0.053125
1 0.4375 0.65625 0.1015625 0.0609375
1 0.33125 0.5203125 0.0890625 0.0453125
1 0.47265625 0.71953125 0.08125 0.0421875
1 0.4875 0.7515625 0.078125 0.0453125
1 0.43671875 0.765625 0.084375 0.0546875
1 0.33203125 0.7171875 0.1015625 0.0578125
1 0.30234375 0.7484375 0.096875 0.059375
1 0.20078125 0.7625 0.1140625 0.0671875
1 0.1609375 0.74140625 0.1078125 0.0640625
1 0.13046875 0.715625 0.0515625 0.0421875
1 0.178125 0.68125 0.1140625 0.08125
1 0.18828125 0.63125 0.0953125 0.053125
1 0.22265625 0.60625 0.0890625 0.0484375
1 0.26875 0.6265625 0.0703125 0.040625
1 0.2609375 0.59609375 0.0625 0.0578125
1 0.1484375 0.5671875 0.0921875 0.0703125
1 0.1890625 0.53984375 0.059375 0.0359375
1 0.13984375 0.5046875 0.0828125 0.065625
1 0.54375 0.51484375 0.065625 0.0359375
1 0.78828125 0.37734375 0.071875 0.040625
1 0.6546875 0.28984375 0.05625 0.046875
1 0.5703125 0.2015625 0.0890625 0.05
1 0.69140625 0.31796875 0.078125 0.0546875
1 0.6921875 0.34765625 0.078125 0.0515625
1 0.58359375 0.3328125 0.0734375 0.0515625
1 0.509375 0.2921875 0.0625 0.053125
1 0.5078125 0.34296875 0.0734375 0.04375
1 0.40859375 0.15703125 0.0859375 0.0578125
1 0.32734375 0.14609375 0.0796875 0.06875
1 0.30546875 0.175 0.065625 0.0390625
1 0.27890625 0.1890625 0.0828125 0.05
1 0.34765625 0.225 0.0953125 0.0546875
1 0.39453125 0.29765625 0.084375 0.0578125
1 0.31953125 0.425 0.071875 0.040625
1 0.24921875 0.39921875 0.08125 0.0390625
1 0.26171875 0.38515625 0.0609375 0.046875
1 0.27265625 0.3328125 0.0671875 0.046875
1 0.1984375 0.33515625 0.0796875 0.0453125
1 0.3375 0.3375 0.1078125 0.0625
1 0.3328125 0.29453125 0.0875 0.075
1 0.2140625 0.23828125 0.0765625 0.0796875
1 0.14921875 0.31953125 0.06875 0.0609375
1 0.1140625 0.36484375 0.05625 0.0453125
1 0.0859375 0.4453125 0.05625 0.04375
1 0.16796875 0.24453125 0.0390625 0.0359375
1 0.16328125 0.27890625 0.075 0.0625