0 0.67578125 0.2984375 0.0984375 0.075
0 0.8609375 0.27421875 0.0921875 0.065625
0 0.92265625 0.33828125 0.0953125 0.0671875
0 0.98828125 0.36015625 0.0234375 0.0578125
0 0.41640625 0.31484375 0.096875 0.0703125
0 0.40234375 0.35625 0.1 0.0765625
0 0.46015625 0.35703125 0.0859375 0.065625
0 0.471875 0.4234375 0.090625 0.0734375
0 0.51484375 0.40703125 0.078125 0.05625
0 0.55390625 0.4109375 0.06875 0.0578125
0 0.684375 0.4171875 0.090625 0.0640625
0 0.84921875 0.603125 0.084375 0.059375
0 0.83203125 0.62734375 0.078125 0.0578125
0 0.60546875 0.55390625 0.0875 0.0671875
0 0.09296875 0.465625 0.075 0.05625
0 0.20625 0.5125 0.0828125 0.0640625
0 0.08984375 0.509375 0.0765625 0.065625
0 0.1375 0.52890625 0.0703125 0.0578125
0 0.21796875 0.64765625 0.0828125 0.0640625
0 0.29453125 0.6421875 0.078125 0.0578125
0 0.24296875 0.709375 0.090625 0.0671875
0 0.36953125 0.7546875 0.075 0.0578125
0 0.40078125 0.81171875 0.0734375 0.053125
0 0.50859375 0.75078125 0.078125 0.06875
0 0.56875 0.83671875 0.084375 0.071875