1 0.471875 0.82109375 0.071875 0.046875
1 0.509375 0.86875 0.059375 0.046875
1 0.609375 0.81640625 0.0640625 0.0390625
1 0.609375 0.8453125 0.0640625 0.040625
1 0.7359375 0.86171875 0.071875 0.05
1 0.6765625 0.52890625 0.146875 0.1140625
1 0.5796875 0.440625 0.1640625 0.14375
1 0.46328125 0.371875 0.1828125 0.1484375
1 0.31328125 0.3765625 0.1765625 0.153125
1 0.37578125 0.41328125 0.0734375 0.0546875
1 0.64296875 0.68828125 0.18125 0.1171875
1 0.534375 0.7390625 0.1859375 0.1390625
1 0.44765625 0.69140625 0.1734375 0.1328125
1 0.41015625 0.6234375 0.1578125 0.140625
1 0.43359375 0.5421875 0.1859375 0.159375
1 0.515625 0.6140625 0.16875 0.1453125
1 0.50546875 0.51484375 0.071875 0.0515625
1 0.7796875 0.5578125 0.065625 0.0484375
1 0.7515625 0.63203125 0.078125 0.0546875
1 0.8609375 0.60546875 0.0671875 0.0546875
1 0.8375 0.6296875 0.065625 0.05
1 0.71171875 0.72109375 0.0578125 0.0359375
1 0.7390625 0.70703125 0.04375 0.0265625
1 0.7640625 0.6890625 0.05625 0.05
1 0.78984375 0.71015625 0.075 0.04375
1 0.8203125 0.68359375 0.0515625 0.0359375
1 0.88359375 0.68828125 0.046875 0.0453125
1 0.90703125 0.70546875 0.0546875 0.0484375
1 0.89140625 0.73359375 0.059375 0.0453125
1 0.86328125 0.79375 0.0671875 0.053125
1 0.9109375 0.828125 0.0515625 0.0390625
1 0.89609375 0.8515625 0.0578125 0.040625
1 0.80625 0.86328125 0.0640625 0.040625
1 0.77890625 0.81953125 0.065625 0.0484375
1 0.7328125 0.78125 0.065625 0.0453125
1 0.73125 0.93125 0.0640625 0.040625
1 0.7625 0.99296875 0.065625 0.0140625
1 0.6203125 0.92109375 0.0609375 0.05
1 0.61796875 0.98125 0.0609375 0.0375
1 0.5890625 0.9765625 0.059375 0.046875
1 0.54140625 0.97578125 0.0609375 0.04375
1 0.46484375 0.96640625 0.059375 0.04375
1 0.43515625 0.96171875 0.046875 0.04375
1 0.4125 0.88125 0.0625 0.0359375
1 0.28828125 0.92421875 0.065625 0.046875
1 0.3609375 0.72421875 0.0515625 0.0375
1 0.2390625 0.825 0.059375 0.0484375
1 0.32109375 0.75703125 0.0578125 0.040625
1 0.3265625 0.7 0.0453125 0.0375
1 0.303125 0.65078125 0.053125 0.0453125
1 0.259375 0.64296875 0.071875 0.0515625
1 0.17265625 0.82265625 0.059375 0.05
1 0.17890625 0.84921875 0.0609375 0.046875
1 0.1171875 0.83984375 0.0546875 0.0453125
1 0.009375 0.85078125 0.01875 0.0453125
1 0.053125 0.76796875 0.0515625 0.0375
1 0.015625 0.7359375 0.03125 0.040625
1 0.015625 0.684375 0.03125 0.040625
1 0.02109375 0.6359375 0.0421875 0.046875
1 0.24453125 0.55703125 0.053125 0.0390625
1 0.11171875 0.61015625 0.0546875 0.0453125
1 0.0609375 0.590625 0.0546875 0.05
1 0.02890625 0.559375 0.0578125 0.04375
1 0.0515625 0.5359375 0.0703125 0.04375
1 0.08359375 0.52734375 0.059375 0.04375
1 0.12734375 0.53515625 0.05625 0.0515625
1 0.209375 0.5625 0.0703125 0.04375
1 0.17265625 0.496875 0.065625 0.046875
1 0.16171875 0.4625 0.0640625 0.0390625
1 0.11171875 0.48046875 0.0609375 0.046875
1 0.06484375 0.4828125 0.065625 0.0453125
1 0.15 0.37109375 0.0625 0.0375
1 0.00859375 0.45546875 0.0171875 0.0265625
1 0.01640625 0.42578125 0.028125 0.0296875
1 0.06875 0.35390625 0.053125 0.034375
1 0.08203125 0.275 0.0609375 0.04375
1 0.22265625 0.34375 0.0640625 0.040625
1 0.25703125 0.2984375 0.078125 0.0484375
1 0.37890625 0.31171875 0.0703125 0.0421875
1 0.36015625 0.2703125 0.053125 0.046875
1 0.30703125 0.2359375 0.065625 0.046875
1 0.1796875 0.24609375 0.0703125 0.0421875
1 0.17578125 0.2078125 0.0703125 0.0421875
1 0.140625 0.20078125 0.059375 0.046875
1 0.09140625 0.20703125 0.0703125 0.040625
1 0.1109375 0.153125 0.0671875 0.053125
1 0.5609375 0.21328125 0.0640625 0.0390625
1 0.4890625 0.1484375 0.0640625 0.040625
1 0.73671875 0.246875 0.05625 0.05
1 0.80234375 0.2796875 0.0546875 0.053125
1 0.82734375 0.28984375 0.0484375 0.0484375
1 0.85234375 0.31484375 0.034375 0.028125
1 0.75390625 0.2078125 0.0578125 0.040625
1 0.7234375 0.19140625 0.0640625 0.040625
1 0.8359375 0.20859375 0.0546875 0.046875
1 0.83828125 0.140625 0.0765625 0.0453125
1 0.73515625 0.0828125 0.0546875 0.0421875
1 0.77578125 0.0625 0.0515625 0.0328125
1 0.69921875 0.05 0.0515625 0.0390625
1 0.603125 0.0453125 0.0765625 0.040625
1 0.45859375 0.02109375 0.0609375 0.0421875
1 0.396875 0.05390625 0.059375 0.046875
1 0.3421875 0.14296875 0.059375 0.0375
1 0.2125 0.15078125 0.0484375 0.04375
1 0.2546875 0.1109375 0.075 0.0421875
1 0.3546875 0.1078125 0.059375 0.0453125
1 0.33984375 0.065625 0.059375 0.046875
1 0.2671875 0.09140625 0.0703125 0.040625
1 0.3453125 0.01796875 0.071875 0.0359375
1 0.29140625 0.02109375 0.053125 0.040625
1 0.2140625 0.01640625 0.078125 0.0328125
1 0.190625 0.040625 0.053125 0.0453125
1 0.94375 0.50234375 0.053125 0.0421875
1 0.953125 0.5296875 0.0703125 0.0421875
1 0.91875 0.4609375 0.0703125 0.04375
1 0.91796875 0.41015625 0.071875 0.05
1 0.8875 0.39453125 0.0640625 0.0390625
1 0.93828125 0.32890625 0.075 0.04375
1 0.921875 0.23203125 0.065625 0.0453125
1 0.953125 0.1859375 0.0703125 0.040625
1 0.98203125 0.24921875 0.0359375 0.0359375
1 0.9890625 0.15390625 0.021875 0.0421875
1 0.978125 0.11328125 0.04375 0.0453125