0 0.70234375 0.396875 0.0484375 0.0328125
0 0.67578125 0.4421875 0.0546875 0.0328125
0 0.72109375 0.30859375 0.059375 0.0375
0 0.634375 0.3234375 0.0546875 0.040625
0 0.5734375 0.3578125 0.046875 0.0328125
0 0.7296875 0.49375 0.046875 0.025
0 0.6171875 0.50859375 0.059375 0.034375
0 0.56484375 0.5484375 0.046875 0.0296875
0 0.62890625 0.534375 0.0640625 0.03125
0 0.690625 0.528125 0.0640625 0.03125
0 0.5484375 0.446875 0.059375 0.0390625
0 0.62734375 0.47421875 0.04375 0.0296875
0 0.4703125 0.5953125 0.040625 0.025
0 0.6109375 0.58046875 0.0515625 0.025
0 0.55703125 0.5875 0.0484375 0.0296875
0 0.6265625 0.43359375 0.0359375 0.025
0 0.50703125 0.56484375 0.04375 0.0296875
0 0.54609375 0.5375 0.0375 0.03125
0 0.5234375 0.53671875 0.0484375 0.0328125
0 0.57578125 0.4921875 0.0375 0.03125