2 0.13359375 0.33203125 0.071875 0.096875
2 0.1546875 0.18359375 0.065625 0.075
2 0.42578125 0.7203125 0.0578125 0.0734375
2 0.55703125 0.82265625 0.0515625 0.0671875
2 0.06640625 0.628125 0.0625 0.0796875
2 0.07734375 0.52734375 0.0421875 0.0734375
2 0.50625 0.50703125 0.04375 0.075
2 0.528125 0.4296875 0.0484375 0.0734375
2 0.434375 0.28671875 0.0484375 0.078125
2 0.753125 0.7515625 0.04375 0.071875
2 0.6671875 0.90234375 0.046875 0.0578125
2 0.57734375 0.0890625 0.05625 0.075
2 0.69921875 0.15390625 0.05625 0.06875
2 0.49765625 0.06953125 0.0546875 0.090625
2 0.3375 0.8765625 0.059375 0.06875