1 0.26640625 0.84140625 0.05625 0.15
1 0.34453125 0.91328125 0.0859375 0.08984375
1 0.9125 0.859375 0.0828125 0.1375
1 0.9703125 0.72421875 0.053125 0.11953125
1 0.721875 0.87421875 0.0796875 0.15546875
1 0.64375 0.78125 0.109375 0.16171875
1 0.70390625 0.73984375 0.0828125 0.1140625
1 0.90078125 0.56875 0.09296875 0.1796875
1 0.34765625 0.76328125 0.0796875 0.12578125
1 0.5875 0.61953125 0.109375 0.12578125
1 0.85625 0.38359375 0.0828125 0.14375
1 0.71875 0.425 0.10625 0.09609375
1 0.5609375 0.50859375 0.09609375 0.1078125
1 0.084375 0.62265625 0.06328125 0.13203125
1 0.1390625 0.56875 0.04609375 0.13203125
1 0.23203125 0.6859375 0.0796875 0.1015625
1 0.3109375 0.640625 0.04609375 0.13203125
1 0.190625 0.634375 0.04296875 0.11953125
1 0.06953125 0.37734375 0.07265625 0.1078125
1 0.271875 0.59609375 0.07265625 0.1375
1 0.21171875 0.48515625 0.06640625 0.11953125
1 0.29765625 0.50625 0.0796875 0.08984375
1 0.253125 0.38046875 0.07578125 0.1015625
1 0.17890625 0.26015625 0.0796875 0.1015625
1 0.1046875 0.1078125 0.06953125 0.09609375
1 0.0546875 0.05703125 0.04296875 0.1140625
1 0.1640625 0.08671875 0.04296875 0.1140625
1 0.275 0.12890625 0.0859375 0.1015625
1 0.39765625 0.45234375 0.059375 0.16171875
1 0.48359375 0.33828125 0.09296875 0.12578125
1 0.471875 0.44609375 0.05625 0.1375
1 0.56328125 0.38046875 0.06640625 0.16171875
1 0.70546875 0.35 0.09296875 0.12578125
1 0.70859375 0.2515625 0.07265625 0.13203125
1 0.62578125 0.1015625 0.0859375 0.19140625
1 0.803125 0.16171875 0.109375 0.15546875
1 0.89375 0.05078125 0.10625 0.1015625