1 0.68671875 0.628125 0.046875 0.0296875
1 0.6703125 0.646875 0.046875 0.0296875
1 0.8578125 0.6546875 0.053125 0.03125
1 0.89140625 0.69140625 0.0484375 0.0328125
1 0.84140625 0.671875 0.0421875 0.03125
1 0.88984375 0.6703125 0.046875 0.0296875
1 0.95390625 0.71796875 0.028125 0.0265625
1 0.9140625 0.7453125 0.034375 0.028125
1 0.85234375 0.7125 0.040625 0.025
1 0.828125 0.721875 0.034375 0.028125
1 0.83828125 0.7546875 0.040625 0.025
1 0.86875 0.75859375 0.040625 0.028125
1 0.75234375 0.78125 0.046875 0.0296875
1 0.71015625 0.75234375 0.0421875 0.03125
1 0.76796875 0.68359375 0.0421875 0.03125
1 0.75625 0.6953125 0.046875 0.0296875
1 0.7265625 0.70078125 0.053125 0.034375
1 0.8953125 0.8234375 0.0421875 0.03125
1 0.8140625 0.8125 0.040625 0.028125
1 0.846875 0.90390625 0.0421875 0.03125
1 0.840625 0.9234375 0.046875 0.0296875
1 0.7203125 0.9625 0.053125 0.034375
1 0.75390625 0.8921875 0.0421875 0.03125
1 0.68203125 0.89765625 0.0421875 0.03125
1 0.70625 0.91953125 0.034375 0.028125
1 0.66328125 0.9625 0.040625 0.028125
1 0.62578125 0.95703125 0.040625 0.025
1 0.596875 0.97421875 0.040625 0.025
1 0.5125 0.98984375 0.046875 0.0203125
1 0.5671875 0.9890625 0.040625 0.021875
1 0.52109375 0.9671875 0.053125 0.03125
1 0.4578125 0.96328125 0.040625 0.025
1 0.575 0.9375 0.034375 0.025
1 0.5375 0.91875 0.040625 0.028125
1 0.49765625 0.909375 0.0359375 0.03125
1 0.63359375 0.88671875 0.040625 0.028125
1 0.5734375 0.86328125 0.040625 0.025
1 0.5515625 0.846875 0.0421875 0.03125
1 0.475 0.92421875 0.0484375 0.0328125
1 0.45625 0.87421875 0.040625 0.028125
1 0.49375 0.809375 0.0421875 0.03125
1 0.58984375 0.828125 0.034375 0.025
1 0.5671875 0.8140625 0.034375 0.025
1 0.4296875 0.81328125 0.040625 0.025
1 0.44453125 0.8515625 0.0484375 0.0328125
1 0.4328125 0.828125 0.040625 0.028125
1 0.38203125 0.8296875 0.0421875 0.03125
1 0.35625 0.8265625 0.040625 0.028125
1 0.38671875 0.78828125 0.034375 0.025
1 0.4046875 0.77890625 0.040625 0.025
1 0.3953125 0.76171875 0.040625 0.025
1 0.49296875 0.78046875 0.040625 0.025
1 0.55546875 0.775 0.034375 0.028125
1 0.578125 0.75703125 0.046875 0.0296875
1 0.69921875 0.7953125 0.0484375 0.0328125
1 0.63046875 0.715625 0.046875 0.0296875
1 0.60625 0.646875 0.034375 0.028125
1 0.55625 0.625 0.040625 0.028125
1 0.553125 0.70625 0.0421875 0.03125
1 0.52421875 0.75625 0.040625 0.028125
1 0.559375 0.7390625 0.053125 0.034375
1 0.48046875 0.696875 0.034375 0.028125
1 0.47265625 0.65625 0.040625 0.028125
1 0.45703125 0.62265625 0.0484375 0.0328125
1 0.3953125 0.65859375 0.0421875 0.03125
1 0.446875 0.675 0.0484375 0.0328125
1 0.36875 0.678125 0.0609375 0.0390625
1 0.32734375 0.778125 0.040625 0.028125
1 0.33203125 0.80390625 0.0484375 0.0328125
1 0.365625 0.8953125 0.046875 0.0296875
1 0.3234375 0.846875 0.0484375 0.0328125
1 0.29765625 0.8671875 0.0421875 0.03125
1 0.2171875 0.81796875 0.0421875 0.034375
1 0.2984375 0.76484375 0.053125 0.034375
1 0.2734375 0.728125 0.0546875 0.040625
1 0.2 0.8390625 0.0421875 0.03125
1 0.18203125 0.81953125 0.0484375 0.0328125
1 0.24296875 0.78046875 0.0421875 0.03125
1 0.25234375 0.6859375 0.0484375 0.0328125
1 0.209375 0.6953125 0.040625 0.028125
1 0.16796875 0.709375 0.0546875 0.0375
1 0.26015625 0.62890625 0.0421875 0.03125
1 0.22578125 0.60859375 0.040625 0.028125
1 0.23828125 0.59453125 0.0453125 0.0234375
1 0.246875 0.5484375 0.046875 0.0296875
1 0.259375 0.53515625 0.0515625 0.025
1 0.21875 0.52890625 0.059375 0.0296875
1 0.21875 0.54609375 0.053125 0.03125
1 0.1328125 0.6390625 0.0484375 0.0359375
1 0.11640625 0.62734375 0.0484375 0.0328125
1 0.09921875 0.60078125 0.053125 0.034375
1 0.10703125 0.559375 0.0546875 0.0375
1 0.07890625 0.5734375 0.0546875 0.0375
1 0.04140625 0.5515625 0.046875 0.0265625
1 0.02734375 0.56484375 0.0546875 0.0359375
1 0.12109375 0.7 0.0609375 0.0390625
1 0.06015625 0.68515625 0.046875 0.0296875
1 0.153125 0.76953125 0.0484375 0.0328125
1 0.10390625 0.77421875 0.0546875 0.0375
1 0.0671875 0.83046875 0.053125 0.03125
1 0.00859375 0.725 0.0171875 0.034375
1 0.02578125 0.515625 0.0515625 0.03125
1 0.0828125 0.6671875 0.046875 0.0296875
1 0.00625 0.6234375 0.0125 0.034375
1 0.7625 0.834375 0.046875 0.0296875