0 0.12109375 0.4578125 0.0328125 0.03359375
0 0.20859375 0.57109375 0.028125 0.03359375
0 0.18046875 0.43046875 0.028125 0.0296875
0 0.215625 0.50390625 0.0328125 0.03359375
0 0.30078125 0.40546875 0.0328125 0.0375
0 0.3078125 0.32578125 0.03828125 0.0375
0 0.50703125 0.32109375 0.03828125 0.0375
0 0.48359375 0.26484375 0.028125 0.03359375
0 0.371875 0.2140625 0.0328125 0.03359375
0 0.58515625 0.97265625 0.0328125 0.0375
0 0.6140625 0.9453125 0.0328125 0.03359375
0 0.6875 0.87421875 0.03828125 0.03359375
0 0.56640625 0.9640625 0.0328125 0.0296875
0 0.7609375 0.8296875 0.04296875 0.0375
0 0.68984375 0.8421875 0.0328125 0.0296875
0 0.65390625 0.859375 0.028125 0.0296875
0 0.80078125 0.83828125 0.028125 0.0296875
0 0.85078125 0.840625 0.0234375 0.03359375
0 0.6140625 0.890625 0.04296875 0.03359375
0 0.6875 0.81484375 0.03828125 0.03359375
0 0.646875 0.840625 0.04296875 0.03359375
0 0.30546875 0.5296875 0.0328125 0.03359375
0 0.509375 0.24609375 0.0328125 0.0296875
0 0.49765625 0.26015625 0.03828125 0.03359375
0 0.54296875 0.25 0.0328125 0.0296875