2 0.2234375 0.14765625 0.05 0.0953125
2 0.25703125 0.2796875 0.04609375 0.0671875
2 0.1078125 0.13984375 0.0390625 0.0671875
2 0.37578125 0.44375 0.0421875 0.07265625
2 0.21640625 0.24609375 0.03515625 0.05625
2 0.21796875 0.2875 0.0390625 0.06171875
2 0.159375 0.1953125 0.03515625 0.0671875
2 0.28359375 0.34375 0.0421875 0.07265625
2 0.315625 0.37734375 0.0421875 0.06171875
2 0.40625 0.471875 0.0390625 0.06171875
2 0.353125 0.39921875 0.04609375 0.07265625
2 0.4234375 0.45546875 0.0390625 0.07265625
2 0.45390625 0.48359375 0.0421875 0.06171875
2 0.4359375 0.50546875 0.05 0.06171875
2 0.48203125 0.503125 0.0421875 0.078125
2 0.5546875 0.56953125 0.04609375 0.078125
2 0.62734375 0.66796875 0.0421875 0.07265625
2 0.66328125 0.69296875 0.0421875 0.0671875
2 0.69296875 0.7265625 0.053125 0.0671875
2 0.778125 0.7734375 0.053125 0.07265625