2 0.46015625 0.72578125 0.125 0.1328125
2 0.15390625 0.1234375 0.075 0.1109375
2 0.23125 0.2046875 0.090625 0.096875
2 0.259375 0.2890625 0.1203125 0.1265625
2 0.325 0.3390625 0.115625 0.121875
2 0.4453125 0.43515625 0.0828125 0.0828125
2 0.55390625 0.47421875 0.0859375 0.084375
2 0.759375 0.65234375 0.09375 0.096875
2 0.71796875 0.6109375 0.0875 0.0875
2 0.65859375 0.578125 0.1 0.109375
2 0.57890625 0.5765625 0.121875 0.1203125
2 0.52109375 0.54140625 0.11875 0.1265625
2 0.415625 0.365625 0.0625 0.0640625