2 0.3875 0.0609375 0.1078125 0.103125
2 0.434375 0.09765625 0.084375 0.1015625
2 0.40234375 0.2765625 0.109375 0.103125
2 0.48828125 0.3 0.08125 0.1015625
2 0.51484375 0.35546875 0.0875 0.0890625
2 0.5765625 0.39609375 0.078125 0.1046875
2 0.35078125 0.1375 0.0515625 0.0484375
2 0.359375 0.1703125 0.0578125 0.053125
2 0.43046875 0.34921875 0.053125 0.046875
2 0.47421875 0.4078125 0.0625 0.071875
2 0.5109375 0.45625 0.0953125 0.1
2 0.56015625 0.4453125 0.046875 0.046875
2 0.621875 0.49453125 0.059375 0.059375
2 0.66640625 0.56875 0.0609375 0.0625
2 0.65234375 0.5375 0.053125 0.0484375
2 0.55546875 0.5328125 0.08125 0.0640625
2 0.59296875 0.546875 0.0484375 0.046875
2 0.6890625 0.6984375 0.0859375 0.0890625
2 0.72890625 0.68203125 0.071875 0.08125
2 0.725 0.74453125 0.11875 0.1046875
2 0.7390625 0.8046875 0.14375 0.1359375
2 0.56953125 0.575 0.0546875 0.059375