2 0.18515625 0.32421875 0.0296875 0.05390625
2 0.14140625 0.35703125 0.0234375 0.04765625
2 0.16484375 0.36015625 0.0234375 0.04140625
2 0.15859375 0.378125 0.0234375 0.04140625
2 0.1765625 0.4375 0.0265625 0.04140625
2 0.31171875 0.3359375 0.0296875 0.05390625
2 0.33828125 0.36015625 0.0296875 0.05390625
2 0.0953125 0.621875 0.0234375 0.04140625
2 0.14296875 0.60703125 0.0265625 0.04765625
2 0.16484375 0.625 0.0234375 0.04765625
2 0.1484375 0.66640625 0.0234375 0.04765625
2 0.13359375 0.67265625 0.0265625 0.04765625
2 0.221875 0.5890625 0.0234375 0.04765625
2 0.1734375 0.5 0.0203125 0.0359375
2 0.16640625 0.50859375 0.01328125 0.0296875
2 0.246875 0.49375 0.0203125 0.04765625
2 0.2265625 0.54453125 0.0203125 0.04140625
2 0.2296875 0.50859375 0.0203125 0.04140625
2 0.1984375 0.51171875 0.01640625 0.0359375
2 0.18359375 0.5234375 0.0203125 0.0359375
2 0.25 0.5390625 0.0203125 0.04140625
2 0.26171875 0.5296875 0.0234375 0.0359375
2 0.2765625 0.52109375 0.0265625 0.04140625
2 0.303125 0.49375 0.0203125 0.04765625
2 0.29140625 0.5359375 0.0234375 0.0359375
2 0.2984375 0.55625 0.01640625 0.04140625
2 0.26015625 0.61640625 0.0203125 0.04140625
2 0.271875 0.621875 0.0234375 0.05390625
2 0.275 0.7859375 0.0234375 0.04765625
2 0.3734375 0.6609375 0.0265625 0.04765625
2 0.3984375 0.63125 0.0234375 0.04765625
2 0.38828125 0.82421875 0.0234375 0.04140625
2 0.3734375 0.82734375 0.0265625 0.04765625
2 0.33828125 0.85703125 0.0234375 0.04765625
2 0.31015625 0.88125 0.0265625 0.04765625
2 0.421875 0.79765625 0.0234375 0.04765625
2 0.4234375 0.77109375 0.0265625 0.04140625
2 0.44140625 0.7796875 0.0296875 0.04765625
2 0.4546875 0.746875 0.0296875 0.04140625
2 0.475 0.75625 0.0234375 0.059375
2 0.54296875 0.6484375 0.0265625 0.059375
2 0.428125 0.31875 0.0234375 0.04140625
2 0.428125 0.36640625 0.0234375 0.04140625
2 0.4203125 0.5234375 0.0265625 0.04765625
2 0.3734375 0.4140625 0.0265625 0.04140625
2 0.36015625 0.54765625 0.0265625 0.04765625
2 0.38359375 0.48515625 0.03359375 0.05390625
2 0.38359375 0.51796875 0.0265625 0.04765625
2 0.4046875 0.57734375 0.0234375 0.0359375
2 0.43984375 0.559375 0.0265625 0.04765625
2 0.453125 0.58046875 0.0265625 0.04140625
2 0.48828125 0.5359375 0.0234375 0.04765625
2 0.5953125 0.68125 0.0234375 0.04140625
2 0.5234375 0.5625 0.0265625 0.04140625
2 0.53203125 0.5953125 0.0234375 0.0359375
2 0.496875 0.5 0.0265625 0.0359375
2 0.49140625 0.4734375 0.0234375 0.04140625
2 0.56640625 0.60390625 0.0265625 0.04140625
2 0.5765625 0.61328125 0.0203125 0.0359375
2 0.59140625 0.61015625 0.0296875 0.04140625
2 0.58203125 0.63359375 0.0234375 0.04140625
2 0.61640625 0.5921875 0.0265625 0.04140625
2 0.625 0.7859375 0.0234375 0.04765625
2 0.61640625 0.6484375 0.0265625 0.059375
2 0.6296875 0.621875 0.0265625 0.04140625
2 0.63671875 0.60390625 0.0265625 0.04140625