2 0.953125 0.5109375 0.084375 0.090625
2 0.90703125 0.4734375 0.0890625 0.065625
2 0.73984375 0.54453125 0.084375 0.0921875
2 0.69765625 0.46640625 0.0890625 0.0625
2 0.6375 0.453125 0.075 0.071875
2 0.584375 0.40234375 0.09375 0.0578125
2 0.88671875 0.5640625 0.0390625 0.04375
2 0.853125 0.5625 0.04375 0.05
2 0.6625 0.53359375 0.0375 0.0453125
2 0.5953125 0.5046875 0.0625 0.05
2 0.53984375 0.4796875 0.084375 0.078125
2 0.53984375 0.42890625 0.0390625 0.0390625
2 0.478125 0.3796875 0.05 0.05
2 0.3953125 0.353125 0.053125 0.05
2 0.42890625 0.36015625 0.0390625 0.0453125
2 0.45546875 0.453125 0.0484375 0.071875
2 0.43359375 0.4203125 0.0390625 0.040625
2 0.2640625 0.36015625 0.075 0.0703125
2 0.27109375 0.31796875 0.0703125 0.0578125
2 0.2109375 0.3359375 0.084375 0.103125
2 0.14921875 0.3359375 0.1109375 0.121875
2 0.4109375 0.44921875 0.05 0.0453125