2 0.3140625 0.93125 0.059375 0.046875
2 0.3515625 0.9046875 0.0578125 0.046875
2 0.31640625 0.88515625 0.046875 0.040625
2 0.37265625 0.87734375 0.046875 0.0453125
2 0.38359375 0.85 0.0453125 0.040625
2 0.3296875 0.8578125 0.053125 0.046875
2 0.33125 0.83359375 0.05 0.0390625
2 0.33515625 0.809375 0.0578125 0.046875
2 0.64296875 0.05078125 0.075 0.0515625
2 0.359375 0.04609375 0.0640625 0.059375
2 0.3984375 0.48828125 0.046875 0.0375
2 0.403125 0.46796875 0.040625 0.0375
2 0.40078125 0.39765625 0.0515625 0.0390625
2 0.39453125 0.36015625 0.0546875 0.0546875
2 0.39140625 0.28359375 0.040625 0.0328125
2 0.39609375 0.3125 0.0390625 0.0296875
2 0.43125 0.30390625 0.0546875 0.065625
2 0.46328125 0.58671875 0.0453125 0.0375
2 0.46484375 0.5671875 0.046875 0.0375
2 0.46171875 0.54765625 0.046875 0.0375