0 0.13046875 0.39453125 0.1046875 0.0484375
0 0.1421875 0.36953125 0.0796875 0.0453125
0 0.05703125 0.3109375 0.0671875 0.0421875
0 0.53515625 0.47109375 0.065625 0.0828125
0 0.5390625 0.5875 0.1046875 0.06875
0 0.2890625 0.3703125 0.0734375 0.0578125
0 0.25 0.44296875 0.0734375 0.046875
0 0.14140625 0.19609375 0.1015625 0.0765625
0 0.24296875 0.30625 0.0703125 0.0578125
0 0.32578125 0.45625 0.078125 0.046875
0 0.43671875 0.38828125 0.1328125 0.1578125
0 0.3953125 0.39609375 0.0796875 0.075
0 0.384375 0.50546875 0.1109375 0.065625
0 0.5875 0.72890625 0.1109375 0.0609375
0 0.54296875 0.6390625 0.1 0.071875
0 0.48671875 0.63203125 0.06875 0.0515625
0 0.47734375 0.65703125 0.0578125 0.0390625
0 0.28828125 0.85703125 0.0890625 0.0484375
0 0.23125 0.6390625 0.0734375 0.05
0 0.30625 0.6328125 0.0890625 0.0578125
0 0.409375 0.63828125 0.0671875 0.04375
0 0.2703125 0.7296875 0.0734375 0.040625
0 0.36796875 0.63828125 0.059375 0.046875
0 0.4265625 0.6875 0.0796875 0.053125
0 0.95 0.83203125 0.084375 0.053125
0 0.88515625 0.88828125 0.084375 0.053125
0 0.1546875 0.2875 0.0578125 0.0671875