1 0.38828125 0.67265625 0.046875 0.08359375
1 0.4 0.5953125 0.0765625 0.08359375
1 0.46484375 0.54453125 0.06015625 0.0890625
1 0.621875 0.61015625 0.046875 0.1015625
1 0.6953125 0.70546875 0.046875 0.125
1 0.58203125 0.44375 0.03984375 0.0890625
1 0.43671875 0.44375 0.04375 0.0890625
1 0.7390625 0.51796875 0.03359375 0.07109375
1 0.56484375 0.32421875 0.046875 0.07734375
1 0.77265625 0.434375 0.053125 0.059375
1 0.7625 0.39609375 0.046875 0.05390625
1 0.6875 0.39609375 0.04375 0.07734375
1 0.67421875 0.3359375 0.03046875 0.05390625
1 0.70234375 0.309375 0.03359375 0.07109375
1 0.7671875 0.32109375 0.05703125 0.07109375
1 0.6421875 0.27109375 0.03984375 0.05390625
1 0.60859375 0.19609375 0.03359375 0.07109375
1 0.48671875 0.23203125 0.03671875 0.08359375
1 0.5421875 0.14609375 0.06015625 0.1015625
1 0.10390625 0.32109375 0.03984375 0.059375
1 0.25234375 0.3484375 0.03671875 0.07734375
1 0.1953125 0.2734375 0.03671875 0.059375
1 0.27734375 0.25625 0.053125 0.07109375
1 0.2390625 0.20546875 0.03671875 0.065625
1 0.2109375 0.14609375 0.046875 0.065625
1 0.2671875 0.1484375 0.03359375 0.07109375
1 0.30625 0.13359375 0.04375 0.07734375
1 0.3046875 0.190625 0.046875 0.07109375
1 0.34921875 0.1875 0.05 0.07734375
1 0.3578125 0.11015625 0.046875 0.1015625
1 0.4078125 0.0953125 0.03984375 0.059375
1 0.39296875 0.92265625 0.04375 0.08359375
1 0.79296875 0.55390625 0.03359375 0.07109375
1 0.82421875 0.67578125 0.0703125 0.0890625
1 0.93828125 0.9609375 0.05703125 0.065625
1 0.87109375 0.8984375 0.05 0.0953125
1 0.9078125 0.73515625 0.05703125 0.11328125