1 0.24765625 0.3921875 0.0359375 0.13125
1 0.2359375 0.453125 0.040625 0.1234375
1 0.4140625 0.56875 0.0640625 0.103125
1 0.353125 0.53984375 0.0578125 0.0828125
1 0.3453125 0.5765625 0.0546875 0.0953125
1 0.325 0.4484375 0.0609375 0.096875
1 0.45 0.68515625 0.065625 0.1109375
1 0.22265625 0.253125 0.0546875 0.08125
1 0.503125 0.65703125 0.05 0.0875
1 0.5484375 0.6515625 0.053125 0.109375
1 0.48515625 0.7296875 0.0390625 0.1015625
1 0.5765625 0.60703125 0.040625 0.0953125
1 0.61640625 0.64765625 0.0328125 0.09375
1 0.5921875 0.65625 0.0453125 0.1078125
1 0.54609375 0.790625 0.05 0.1015625
1 0.57421875 0.7828125 0.0375 0.1171875
1 0.640625 0.52890625 0.0484375 0.1015625
1 0.56953125 0.49609375 0.0546875 0.103125
1 0.66015625 0.5875 0.0453125 0.109375
1 0.69375 0.5359375 0.04375 0.09375
1 0.66875 0.44140625 0.046875 0.0734375
1 0.578125 0.378125 0.04375 0.121875
1 0.73203125 0.44140625 0.065625 0.1234375
1 0.81953125 0.55859375 0.0390625 0.1078125
1 0.79609375 0.55546875 0.0484375 0.13125
1 0.8640625 0.58125 0.046875 0.1140625
1 0.89609375 0.62265625 0.0546875 0.103125
1 0.9609375 0.56484375 0.053125 0.1078125
1 0.8125 0.41953125 0.0609375 0.11875
1 0.67109375 0.31171875 0.0375 0.1015625
1 0.48984375 0.4078125 0.0421875 0.071875
1 0.42109375 0.25 0.0375 0.109375
1 0.45078125 0.24140625 0.040625 0.1359375
1 0.46015625 0.34453125 0.034375 0.1015625
1 0.4484375 0.12734375 0.03125 0.1078125
1 0.37734375 0.44921875 0.0375 0.1015625
1 0.4734375 0.2546875 0.0453125 0.09375
1 0.4921875 0.3140625 0.03125 0.1171875
1 0.51875 0.2734375 0.0375 0.0953125
1 0.525 0.36640625 0.028125 0.065625
1 0.55078125 0.27890625 0.0421875 0.08125
1 0.4671875 0.0828125 0.0453125 0.09375
1 0.503125 0.16015625 0.0515625 0.08125
1 0.56796875 0.18515625 0.0421875 0.0953125
1 0.61796875 0.19765625 0.0484375 0.065625
1 0.5765625 0.28203125 0.034375 0.0734375
1 0.6046875 0.1328125 0.0296875 0.0796875
1 0.78984375 0.06640625 0.0578125 0.0828125
1 0.86484375 0.23046875 0.040625 0.1296875
1 0.39453125 0.7125 0.0671875 0.1171875