1 0.440625 0.7515625 0.0390625 0.0359375
1 0.6328125 0.6859375 0.0375 0.0515625
1 0.6625 0.63046875 0.040625 0.0453125
1 0.64375 0.33203125 0.040625 0.05
1 0.48515625 0.2 0.05 0.05625
1 0.49375 0.4390625 0.0421875 0.0609375
1 0.4703125 0.39296875 0.0390625 0.040625
1 0.47265625 0.2890625 0.0375 0.05
1 0.3609375 0.41328125 0.0390625 0.0390625
1 0.340625 0.584375 0.0453125 0.0484375
1 0.3578125 0.64453125 0.0375 0.046875
1 0.4125 0.715625 0.046875 0.0578125
1 0.3921875 0.7125 0.034375 0.04375
1 0.38203125 0.6921875 0.0359375 0.040625
1 0.37890625 0.67109375 0.0328125 0.0484375