0 0.41875 0.28828125 0.028125 0.0453125
0 0.4609375 0.31953125 0.028125 0.05078125
0 0.3328125 0.26015625 0.03203125 0.05625
0 0.33828125 0.34765625 0.03515625 0.05078125
0 0.36640625 0.4125 0.028125 0.0453125
0 0.51796875 0.27109375 0.02109375 0.0453125
0 0.52109375 0.384375 0.028125 0.05625
0 0.5546875 0.440625 0.025 0.0453125
0 0.54765625 0.37578125 0.025 0.0625
0 0.54765625 0.31328125 0.025 0.0625
0 0.45234375 0.44609375 0.03203125 0.05625
0 0.4875 0.3703125 0.025 0.03984375
0 0.59140625 0.53984375 0.02109375 0.03984375
0 0.59140625 0.3984375 0.02109375 0.05078125
0 0.59296875 0.45234375 0.025 0.0453125
0 0.446875 0.3671875 0.02109375 0.03359375
0 0.56484375 0.5 0.025 0.03984375
0 0.5421875 0.4578125 0.028125 0.03359375
0 0.5390625 0.48046875 0.028125 0.0453125
0 0.5 0.4234375 0.028125 0.03359375