0 0.23828125 0.2125 0.0375 0.05234375
0 0.20859375 0.19765625 0.04765625 0.0578125
0 0.45859375 0.21484375 0.04140625 0.0578125
0 0.19140625 0.59296875 0.034375 0.046875
0 0.503125 0.5203125 0.04765625 0.0640625
0 0.48828125 0.36015625 0.04453125 0.046875
0 0.75 0.79375 0.04140625 0.0640625
0 0.3421875 0.8140625 0.04140625 0.0578125
0 0.31328125 0.5609375 0.0375 0.05234375
0 0.14921875 0.67421875 0.0375 0.0578125
0 0.0703125 0.621875 0.0375 0.0578125
0 0.0375 0.63671875 0.034375 0.05234375
0 0.45 0.46796875 0.04453125 0.05234375
0 0.24453125 0.52578125 0.0375 0.040625
0 0.31875 0.6484375 0.034375 0.040625
0 0.56015625 0.50546875 0.02421875 0.046875
0 0.58046875 0.5171875 0.0375 0.046875
0 0.72421875 0.7328125 0.04453125 0.046875
0 0.70703125 0.55234375 0.04453125 0.0578125
0 0.79140625 0.67734375 0.034375 0.05234375
0 0.7875 0.75546875 0.04140625 0.046875
0 0.58046875 0.59921875 0.04453125 0.06953125
0 0.35625 0.52578125 0.04140625 0.0640625
0 0.43125 0.584375 0.04765625 0.0640625
0 0.13671875 0.86953125 0.02734375 0.05234375
0 0.22265625 0.86015625 0.034375 0.046875