1 0.0734375 0.2859375 0.0890625 0.1015625
1 0.17578125 0.13359375 0.0890625 0.146875
1 0.31953125 0.21171875 0.0875 0.1265625
1 0.2859375 0.31015625 0.0609375 0.0984375
1 0.23203125 0.5 0.06875 0.1015625
1 0.1921875 0.57734375 0.06875 0.096875
1 0.2578125 0.8703125 0.1140625 0.1125
1 0.24296875 0.67109375 0.071875 0.121875
1 0.3015625 0.77109375 0.084375 0.090625
1 0.33515625 0.890625 0.0828125 0.1
1 0.3515625 0.853125 0.075 0.09375
1 0.3953125 0.946875 0.0765625 0.084375
1 0.5109375 0.7328125 0.1046875 0.15
1 0.35859375 0.53125 0.1171875 0.128125
1 0.5421875 0.83203125 0.0921875 0.1109375
1 0.61796875 0.7875 0.08125 0.1
1 0.6421875 0.54375 0.0953125 0.128125
1 0.675 0.6828125 0.0875 0.1328125
1 0.57578125 0.7109375 0.103125 0.1140625
1 0.86171875 0.95546875 0.0984375 0.0890625
1 0.41484375 0.36015625 0.1046875 0.153125
1 0.5125 0.33984375 0.0953125 0.1390625
1 0.71328125 0.325 0.1078125 0.13125
1 0.54921875 0.2453125 0.1109375 0.1171875
1 0.42109375 0.2609375 0.0890625 0.0890625
1 0.38125 0.25703125 0.0921875 0.1125
1 0.5 0.16875 0.09375 0.0984375
1 0.45546875 0.88828125 0.06875 0.1015625
1 0.65859375 0.11015625 0.0796875 0.09375