2 0.625 0.60625 0.0296875 0.0265625
2 0.57890625 0.6015625 0.028125 0.028125
2 0.58359375 0.6203125 0.021875 0.0234375
2 0.5625 0.63515625 0.0203125 0.0265625
2 0.571875 0.640625 0.028125 0.028125
2 0.5484375 0.66953125 0.0359375 0.03125
2 0.53515625 0.70234375 0.0296875 0.025
2 0.63984375 0.51953125 0.0296875 0.028125
2 0.53125 0.72265625 0.0296875 0.0265625
2 0.5203125 0.72734375 0.028125 0.0234375
2 0.27890625 0.19609375 0.0265625 0.0203125
2 0.27734375 0.2078125 0.0265625 0.0203125
2 0.24921875 0.20078125 0.034375 0.025
2 0.2140625 0.203125 0.028125 0.025
2 0.15078125 0.20703125 0.0296875 0.0234375
2 0.18515625 0.20703125 0.025 0.01875