0 0.17890625 0.28046875 0.0578125 0.04375
0 0.16015625 0.253125 0.0640625 0.05625
0 0.21171875 0.4984375 0.0625 0.05
0 0.54921875 0.18125 0.0515625 0.040625
0 0.5203125 0.5 0.071875 0.05625
0 0.36015625 0.5078125 0.053125 0.0515625
0 0.82578125 0.70703125 0.0671875 0.0484375
0 0.7890625 0.3 0.0640625 0.0484375
0 0.534375 0.30625 0.0578125 0.04375
0 0.6234375 0.128125 0.0625 0.0453125
0 0.5609375 0.0578125 0.0609375 0.0453125
0 0.57109375 0.02265625 0.05625 0.040625
0 0.4609375 0.4546875 0.0578125 0.05
0 0.48984375 0.24375 0.0453125 0.0421875
0 0.621875 0.3 0.0453125 0.0390625
0 0.5140625 0.55859375 0.05 0.0296875
0 0.528125 0.57734375 0.0515625 0.04375
0 0.76171875 0.68984375 0.053125 0.0515625
0 0.58046875 0.69765625 0.0640625 0.053125
0 0.71640625 0.7640625 0.05625 0.040625
0 0.79296875 0.74921875 0.0515625 0.046875
0 0.609375 0.565625 0.0765625 0.0546875
0 0.50546875 0.35390625 0.06875 0.0484375
0 0.57421875 0.4203125 0.06875 0.0546875
0 0.815625 0.0890625 0.0546875 0.0328125
0 0.81796875 0.175 0.0515625 0.040625