0 0.71484375 0.6625 0.0515625 0.0625
0 0.69375 0.465625 0.0546875 0.084375
0 0.634375 0.421875 0.059375 0.0671875
0 0.61328125 0.5671875 0.06875 0.084375
0 0.5296875 0.51796875 0.0640625 0.0765625
0 0.3578125 0.6 0.0484375 0.0671875
0 0.41640625 0.4953125 0.034375 0.0546875
0 0.34921875 0.303125 0.0390625 0.05
0 0.39765625 0.33125 0.0375 0.0671875
0 0.43359375 0.40703125 0.0375 0.0671875
0 0.45625 0.553125 0.0453125 0.0671875
0 0.321875 0.82578125 0.0421875 0.05625
0 0.275 0.734375 0.0421875 0.0671875
0 0.29140625 0.6734375 0.0421875 0.078125
0 0.09765625 0.54921875 0.040625 0.0671875
0 0.2515625 0.83125 0.0484375 0.115625