2 0.12109375 0.796875 0.0375 0.0578125
2 0.14296875 0.71796875 0.0546875 0.07578125
2 0.19140625 0.375 0.0546875 0.07578125
2 0.19765625 0.3109375 0.06171875 0.07578125
2 0.2578125 0.36640625 0.0515625 0.09296875
2 0.3703125 0.44453125 0.0515625 0.0875
2 0.3515625 0.628125 0.040625 0.0578125
2 0.2921875 0.23828125 0.04453125 0.06953125
2 0.32578125 0.1421875 0.0578125 0.0875
2 0.3546875 0.19765625 0.04765625 0.08125
2 0.39609375 0.15078125 0.04765625 0.06953125
2 0.38046875 0.13046875 0.0375 0.0640625
2 0.48984375 0.1890625 0.0375 0.0640625
2 0.54921875 0.09296875 0.040625 0.06953125
2 0.628125 0.0875 0.040625 0.0578125
2 0.45078125 0.0609375 0.034375 0.05234375
2 0.37734375 0.871875 0.0515625 0.08125
2 0.3859375 0.92421875 0.040625 0.0578125
2 0.39609375 0.95078125 0.04765625 0.0640625
2 0.478125 0.9125 0.0546875 0.06953125
2 0.48828125 0.86640625 0.040625 0.0578125
2 0.425 0.578125 0.0578125 0.0875
2 0.45390625 0.61015625 0.04765625 0.0578125
2 0.49453125 0.54375 0.04765625 0.07578125
2 0.52734375 0.53203125 0.04453125 0.0875
2 0.5578125 0.53203125 0.0375 0.0640625
2 0.5890625 0.5171875 0.0375 0.08125
2 0.64296875 0.1890625 0.03046875 0.0640625
2 0.58203125 0.23828125 0.03046875 0.0578125
2 0.58359375 0.33984375 0.040625 0.0640625
2 0.6078125 0.41875 0.040625 0.09296875
2 0.6296875 0.86328125 0.0375 0.0640625
2 0.6625 0.7875 0.040625 0.0640625
2 0.665625 0.73828125 0.034375 0.06953125
2 0.76484375 0.17734375 0.02734375 0.0640625
2 0.6640625 0.5578125 0.03046875 0.0578125
2 0.64140625 0.4765625 0.04765625 0.08125
2 0.68125 0.42734375 0.04453125 0.07578125
2 0.67578125 0.4796875 0.040625 0.0640625