2 0.72734375 0.6765625 0.0828125 0.071875
2 0.85625 0.7875 0.1 0.075
2 0.81484375 0.82109375 0.0859375 0.06875
2 0.784375 0.7328125 0.0859375 0.0625
2 0.8171875 0.85859375 0.0859375 0.06875
2 0.75078125 0.78203125 0.0875 0.065625
2 0.725 0.7953125 0.075 0.065625
2 0.5265625 0.578125 0.0765625 0.071875
2 0.75 0.84453125 0.071875 0.0703125
2 0.6796875 0.61484375 0.0796875 0.0671875
2 0.61875 0.621875 0.075 0.0640625
2 0.68671875 0.715625 0.0765625 0.0703125
2 0.61953125 0.7 0.071875 0.0703125
2 0.59140625 0.678125 0.0578125 0.059375
2 0.7703125 0.6734375 0.0765625 0.06875
2 0.72890625 0.61953125 0.0828125 0.06875
2 0.78828125 0.64296875 0.0859375 0.0671875
2 0.7453125 0.59921875 0.0796875 0.0578125
2 0.88671875 0.7171875 0.08125 0.071875
2 0.84296875 0.67421875 0.075 0.0640625
2 0.82265625 0.615625 0.075 0.0609375
2 0.684375 0.50703125 0.0734375 0.0578125
2 0.72890625 0.521875 0.0828125 0.071875
2 0.74921875 0.53203125 0.0609375 0.0625
2 0.74296875 0.4953125 0.1171875 0.0734375
2 0.6390625 0.58203125 0.075 0.0640625
2 0.590625 0.52265625 0.08125 0.05
2 0.615625 0.5125 0.084375 0.0625
2 0.52109375 0.51953125 0.06875 0.059375
2 0.46640625 0.509375 0.08125 0.071875
2 0.453125 0.46953125 0.0828125 0.078125
2 0.48046875 0.44921875 0.0734375 0.071875
2 0.5703125 0.47578125 0.0796875 0.0609375
2 0.61171875 0.4421875 0.0796875 0.0640625
2 0.64296875 0.43125 0.06875 0.0640625
2 0.63984375 0.39375 0.0921875 0.075
2 0.54453125 0.41953125 0.08125 0.0671875
2 0.5265625 0.4328125 0.0875 0.06875
2 0.57578125 0.39140625 0.096875 0.065625
2 0.5890625 0.371875 0.0921875 0.071875
2 0.51796875 0.35 0.0984375 0.06875
2 0.52578125 0.3265625 0.0671875 0.05625
2 0.5609375 0.334375 0.0640625 0.0546875
2 0.44453125 0.409375 0.0578125 0.05625
2 0.39375 0.3625 0.0703125 0.0703125
2 0.41796875 0.33125 0.071875 0.0703125
2 0.4484375 0.33125 0.0765625 0.0703125
2 0.46640625 0.290625 0.090625 0.0671875
2 0.3375 0.2140625 0.0796875 0.0609375
2 0.390625 0.19296875 0.1109375 0.0890625
2 0.32265625 0.24296875 0.0765625 0.071875
2 0.2703125 0.22265625 0.0875 0.065625
2 0.28828125 0.1828125 0.06875 0.0546875
2 0.3140625 0.16875 0.0703125 0.059375
2 0.27109375 0.1359375 0.08125 0.0671875
2 0.22265625 0.1375 0.0859375 0.0609375
2 0.346875 0.35859375 0.0640625 0.0546875
2 0.70234375 0.12421875 0.0921875 0.078125
2 0.6359375 0.15546875 0.1109375 0.078125