0 0.86171875 0.371875 0.078125 0.1078125
0 0.9484375 0.73359375 0.0765625 0.1015625
0 0.88046875 0.6015625 0.0703125 0.09375
0 0.840625 0.7359375 0.0640625 0.08125
0 0.81171875 0.43828125 0.0890625 0.10625
0 0.85 0.4890625 0.06875 0.078125
0 0.74765625 0.44140625 0.0609375 0.0796875
0 0.7875 0.38046875 0.053125 0.078125
0 0.89296875 0.715625 0.071875 0.0953125
0 0.76875 0.56484375 0.0828125 0.096875
0 0.72265625 0.590625 0.071875 0.10625
0 0.7953125 0.6140625 0.065625 0.08125
0 0.70625 0.6484375 0.0796875 0.1234375
0 0.6421875 0.57734375 0.0609375 0.0703125
0 0.6109375 0.5515625 0.075 0.1
0 0.678125 0.678125 0.0671875 0.071875
0 0.6375 0.7015625 0.059375 0.090625
0 0.4421875 0.4734375 0.0890625 0.109375
0 0.51328125 0.503125 0.0796875 0.1171875
0 0.55390625 0.51875 0.084375 0.1046875
0 0.575 0.62734375 0.071875 0.115625
0 0.63828125 0.62421875 0.09375 0.10625
0 0.821875 0.515625 0.059375 0.075
0 0.45859375 0.5359375 0.053125 0.0671875
0 0.365625 0.2375 0.0765625 0.090625
0 0.396875 0.2078125 0.0703125 0.084375
0 0.0234375 0.39453125 0.046875 0.1515625
0 0.025 0.221875 0.05 0.103125
0 0.1484375 0.34765625 0.0875 0.1
0 0.2484375 0.51015625 0.0609375 0.1
0 0.7328125 0.7890625 0.065625 0.0765625
0 0.065625 0.521875 0.0765625 0.1015625