2 0.5390625 0.26015625 0.0703125 0.046875
2 0.4359375 0.225 0.06875 0.046875
2 0.3515625 0.19609375 0.071875 0.0484375
2 0.775 0.32734375 0.075 0.046875
2 0.159375 0.13828125 0.053125 0.04375
2 0.16640625 0.09765625 0.0671875 0.0546875
2 0.915625 0.36875 0.0640625 0.0484375
2 0.63515625 0.93828125 0.1265625 0.0875
2 0.57578125 0.92578125 0.1046875 0.071875
2 0.46796875 0.81796875 0.0984375 0.0671875
2 0.24140625 0.5265625 0.0828125 0.0640625
2 0.1828125 0.51171875 0.0953125 0.0609375
2 0.13203125 0.521875 0.1046875 0.0625
2 0.29453125 0.4984375 0.1234375 0.084375
2 0.09375 0.68203125 0.1 0.0625
2 0.090625 0.73203125 0.1234375 0.06875
2 0.26796875 0.78359375 0.1140625 0.0703125
2 0.196875 0.7359375 0.128125 0.08125
2 0.1875 0.9 0.1140625 0.06875
2 0.04140625 0.82421875 0.0828125 0.0796875