1 0.62734375 0.65234375 0.01796875 0.059375
1 0.625 0.70859375 0.01796875 0.053125
1 0.60234375 0.665625 0.02109375 0.0328125
1 0.63671875 0.45703125 0.01796875 0.053125
1 0.6578125 0.725 0.01796875 0.059375
1 0.6890625 0.64921875 0.02109375 0.053125
1 0.59765625 0.62890625 0.01796875 0.053125
1 0.63828125 0.5859375 0.02109375 0.059375
1 0.66796875 0.8109375 0.02109375 0.059375
1 0.67265625 0.73515625 0.01796875 0.053125
1 0.684375 0.8640625 0.02421875 0.059375
1 0.6875 0.8078125 0.01796875 0.053125
1 0.7 0.84140625 0.01796875 0.053125
1 0.71484375 0.84140625 0.02421875 0.03984375
1 0.71640625 0.68203125 0.01484375 0.053125
1 0.7265625 0.68203125 0.01796875 0.053125
1 0.6875 0.70234375 0.02421875 0.053125
1 0.76875 0.6984375 0.01171875 0.0328125
1 0.6453125 0.51640625 0.01796875 0.053125
1 0.58984375 0.5296875 0.01484375 0.053125
1 0.59609375 0.51640625 0.01484375 0.03984375
1 0.60625 0.496875 0.01796875 0.03984375
1 0.63203125 0.39765625 0.02109375 0.03984375
1 0.6828125 0.5296875 0.01484375 0.03984375
1 0.67421875 0.5796875 0.01484375 0.04609375
1 0.66953125 0.46015625 0.01796875 0.04609375
1 0.65625 0.44375 0.01484375 0.03984375
1 0.6625 0.37421875 0.02109375 0.04609375
1 0.68046875 0.37734375 0.02109375 0.053125
1 0.696875 0.3640625 0.02421875 0.03984375
1 0.6859375 0.43046875 0.02109375 0.03984375
1 0.70390625 0.48671875 0.01484375 0.04609375
1 0.6875 0.48984375 0.01796875 0.03984375
1 0.71484375 0.60625 0.01796875 0.04609375
1 0.7390625 0.56953125 0.01796875 0.053125
1 0.7015625 0.56328125 0.02109375 0.053125
1 0.765625 0.6390625 0.01796875 0.04609375
1 0.78515625 0.725 0.01484375 0.04609375
1 0.7609375 0.559375 0.02109375 0.0328125
1 0.71484375 0.73828125 0.02421875 0.04609375
1 0.75078125 0.79453125 0.01796875 0.03984375
1 0.7390625 0.8015625 0.01796875 0.03984375
1 0.71953125 0.79140625 0.02109375 0.0328125
1 0.78984375 0.6359375 0.01796875 0.03984375
1 0.7359375 0.51640625 0.01796875 0.03984375
1 0.740625 0.48984375 0.02109375 0.053125
1 0.775 0.446875 0.02421875 0.059375
1 0.7765625 0.5 0.02109375 0.04609375
1 0.728125 0.43671875 0.02109375 0.053125
1 0.83203125 0.66875 0.02421875 0.053125