2 0.38984375 0.7484375 0.0296875 0.0328125
2 0.375 0.7375 0.0296875 0.028125
2 0.528125 0.765625 0.025 0.01875
2 0.5453125 0.78828125 0.025 0.0265625
2 0.53359375 0.703125 0.0265625 0.028125
2 0.5140625 0.69140625 0.034375 0.034375
2 0.57578125 0.7046875 0.0234375 0.021875
2 0.5703125 0.77890625 0.0203125 0.0265625
2 0.5796875 0.78125 0.025 0.0265625
2 0.4671875 0.72578125 0.0203125 0.021875
2 0.41796875 0.71484375 0.0203125 0.021875
2 0.415625 0.7265625 0.0296875 0.0296875
2 0.39609375 0.6984375 0.0296875 0.0296875
2 0.509375 0.75625 0.0265625 0.0296875
2 0.50390625 0.7703125 0.021875 0.0265625
2 0.56171875 0.728125 0.0265625 0.028125
2 0.65390625 0.68671875 0.03125 0.034375
2 0.63671875 0.67578125 0.034375 0.0390625
2 0.6453125 0.74375 0.0296875 0.0328125
2 0.66171875 0.72734375 0.0296875 0.0328125
2 0.628125 0.76484375 0.03125 0.034375
2 0.68203125 0.709375 0.0296875 0.0296875
2 0.66484375 0.65234375 0.0296875 0.028125
2 0.67578125 0.65 0.0265625 0.028125
2 0.58046875 0.73203125 0.0296875 0.028125
2 0.596875 0.65234375 0.0296875 0.028125
2 0.63203125 0.63828125 0.0328125 0.0328125
2 0.57265625 0.6578125 0.025 0.028125
2 0.5421875 0.66328125 0.025 0.0234375
2 0.52265625 0.6640625 0.03125 0.034375
2 0.66171875 0.625 0.03125 0.034375
2 0.68828125 0.61328125 0.0265625 0.0296875
2 0.6796875 0.7703125 0.0359375 0.0359375
2 0.7078125 0.56875 0.0296875 0.028125
2 0.6890625 0.528125 0.034375 0.034375
2 0.5109375 0.56875 0.028125 0.0328125
2 0.49140625 0.590625 0.0296875 0.0296875
2 0.4796875 0.58359375 0.0296875 0.0296875
2 0.44453125 0.51328125 0.0296875 0.028125
2 0.4203125 0.5078125 0.0296875 0.028125
2 0.62890625 0.4296875 0.025 0.028125
2 0.6765625 0.49609375 0.0296875 0.0328125
2 0.5765625 0.30859375 0.0296875 0.0328125
2 0.621875 0.3765625 0.03125 0.034375
2 0.5859375 0.43515625 0.0265625 0.0296875
2 0.60390625 0.47109375 0.0328125 0.0328125
2 0.5703125 0.4171875 0.0296875 0.0296875
2 0.58515625 0.26875 0.0296875 0.0296875
2 0.5984375 0.23515625 0.025 0.03125
2 0.6578125 0.45546875 0.0265625 0.0296875
2 0.653125 0.4375 0.0265625 0.0328125
2 0.7484375 0.5015625 0.0296875 0.0328125
2 0.75859375 0.471875 0.03125 0.0390625