0 0.321875 0.1625 0.07734375 0.06953125
0 0.234375 0.2140625 0.09765625 0.0578125
0 0.28359375 0.27578125 0.0828125 0.0578125
0 0.40234375 0.14453125 0.0828125 0.0890625
0 0.49453125 0.58515625 0.0515625 0.0578125
0 0.36328125 0.46171875 0.07734375 0.05
0 0.41015625 0.3109375 0.07734375 0.065625
0 0.3609375 0.5890625 0.0828125 0.0578125
0 0.31953125 0.63125 0.0828125 0.0578125
0 0.515625 0.89765625 0.103125 0.0734375
0 0.50546875 0.73515625 0.0515625 0.065625
0 0.56171875 0.73359375 0.071875 0.04609375
0 0.26015625 0.6234375 0.0875 0.0734375
0 0.353125 0.03125 0.0875 0.05390625
0 0.3765625 0.6890625 0.0828125 0.0421875
0 0.39453125 0.8859375 0.07734375 0.05
0 0.325 0.85546875 0.0515625 0.05
0 0.325 0.88984375 0.06171875 0.05
0 0.3296875 0.771875 0.06171875 0.05390625
0 0.65703125 0.67578125 0.05703125 0.07734375
0 0.83515625 0.33359375 0.06171875 0.0734375
0 0.734375 0.38828125 0.0671875 0.0734375
0 0.68828125 0.42890625 0.05703125 0.06171875
0 0.6671875 0.490625 0.05703125 0.06953125
0 0.61875 0.52109375 0.071875 0.03125
0 0.57734375 0.540625 0.06171875 0.03828125
0 0.7578125 0.328125 0.06171875 0.08515625
0 0.84296875 0.28359375 0.0671875 0.0734375
0 0.8890625 0.18359375 0.12890625 0.0734375
0 0.928125 0.35546875 0.09296875 0.05390625
0 0.4171875 0.79375 0.0515625 0.05