1 0.05625 0.653125 0.0828125 0.1171875
1 0.2640625 0.5671875 0.0671875 0.09375
1 0.278125 0.8109375 0.04375 0.0796875
1 0.6671875 0.81015625 0.0625 0.0984375
1 0.6984375 0.853125 0.059375 0.0921875
1 0.3515625 0.54609375 0.0578125 0.121875
1 0.3609375 0.70625 0.065625 0.0875
1 0.5109375 0.609375 0.071875 0.09375
1 0.45546875 0.39296875 0.0671875 0.09375
1 0.5109375 0.2484375 0.0765625 0.1109375
1 0.66640625 0.32421875 0.08125 0.1078125
1 0.64375 0.16796875 0.0609375 0.1109375
1 0.67734375 0.56796875 0.0828125 0.1296875
1 0.9203125 0.771875 0.08125 0.10625
1 0.78671875 0.2953125 0.0578125 0.075
1 0.825 0.02109375 0.046875 0.0421875
1 0.93671875 0.05078125 0.0640625 0.1015625