2 0.27265625 0.11171875 0.096875 0.14921875
2 0.27265625 0.284375 0.1046875 0.15390625
2 0.39375 0.3109375 0.10859375 0.17578125
2 0.4046875 0.5109375 0.10078125 0.12734375
2 0.32109375 0.4203125 0.075 0.09609375
2 0.2421875 0.3671875 0.059375 0.07421875
2 0.1828125 0.02890625 0.075 0.0578125
2 0.45 0.340625 0.07109375 0.14921875
2 0.51640625 0.44140625 0.115625 0.1703125
2 0.190625 0.3484375 0.059375 0.090625
2 0.059375 0.27890625 0.0671875 0.10078125
2 0.08984375 0.284375 0.059375 0.06953125
2 0.39765625 0.8296875 0.078125 0.09609375
2 0.43828125 0.7578125 0.078125 0.11171875
2 0.453125 0.875 0.07109375 0.090625
2 0.50546875 0.6703125 0.13046875 0.1703125
2 0.565625 0.428125 0.06328125 0.15390625
2 0.64140625 0.90703125 0.096875 0.11171875
2 0.91953125 0.86953125 0.09296875 0.1328125
2 0.77265625 0.96015625 0.075 0.06953125
2 0.6453125 0.7875 0.1265625 0.14921875
2 0.6140625 0.64375 0.115625 0.1703125
2 0.6734375 0.7046875 0.07109375 0.11171875
2 0.73671875 0.7390625 0.078125 0.14921875
2 0.7890625 0.890625 0.10078125 0.12265625
2 0.828125 0.87734375 0.075 0.12734375
2 0.87109375 0.93359375 0.06328125 0.11171875
2 0.6171875 0.26328125 0.1453125 0.16484375