0 0.378125 0.5828125 0.0515625 0.0859375
0 0.3296875 0.6953125 0.034375 0.053125
0 0.45546875 0.365625 0.03125 0.059375
0 0.31328125 0.57421875 0.03125 0.053125
0 0.3484375 0.41484375 0.0515625 0.078125
0 0.4390625 0.2203125 0.0296875 0.059375
0 0.4578125 0.19296875 0.0453125 0.0484375
0 0.45390625 0.1546875 0.046875 0.0546875
0 0.49140625 0.20625 0.028125 0.0359375
0 0.52421875 0.2046875 0.0484375 0.065625
0 0.53046875 0.24609375 0.0375 0.053125
0 0.553125 0.278125 0.0453125 0.059375
0 0.5734375 0.24453125 0.0546875 0.0609375
0 0.640625 0.37734375 0.04375 0.0765625
0 0.6609375 0.42265625 0.034375 0.0609375
0 0.72890625 0.4484375 0.025 0.046875
0 0.8421875 0.55546875 0.0515625 0.053125
0 0.83203125 0.5171875 0.040625 0.0484375
0 0.93046875 0.69765625 0.0421875 0.0515625
0 0.87265625 0.64609375 0.0375 0.0609375
0 0.909375 0.68828125 0.0390625 0.046875
0 0.934375 0.64296875 0.0375 0.0609375