0 0.38515625 0.303125 0.03671875 0.04921875
0 0.3796875 0.3359375 0.0328125 0.03828125
0 0.3234375 0.2296875 0.02890625 0.0546875
0 0.23671875 0.24296875 0.04375 0.04921875
0 0.36171875 0.2296875 0.02578125 0.04375
0 0.35234375 0.69375 0.03671875 0.0546875
0 0.3875 0.40703125 0.03984375 0.06015625
0 0.38515625 0.4703125 0.03671875 0.065625
0 0.36015625 0.4703125 0.03671875 0.0546875
0 0.3875 0.5875 0.04765625 0.06015625
0 0.52890625 0.6390625 0.0328125 0.04375
0 0.50390625 0.628125 0.0328125 0.0546875
0 0.47421875 0.60625 0.03984375 0.0546875
0 0.378125 0.8140625 0.05078125 0.065625
0 0.478125 0.71875 0.0328125 0.06015625
0 0.67109375 0.759375 0.0328125 0.0546875
0 0.6546875 0.7625 0.02890625 0.04921875
0 0.5 0.8390625 0.0328125 0.06015625
0 0.590625 0.740625 0.0328125 0.04921875
0 0.56015625 0.84140625 0.03671875 0.0546875
0 0.84921875 0.7046875 0.0328125 0.0546875
0 0.45078125 0.93203125 0.03671875 0.06015625
0 0.35078125 0.9046875 0.0328125 0.04921875
0 0.71484375 0.76796875 0.0328125 0.04921875
0 0.765625 0.82265625 0.0328125 0.06015625
0 0.809375 0.846875 0.0328125 0.04375
0 0.5234375 0.24609375 0.02890625 0.04375
0 0.66171875 0.59296875 0.03671875 0.07109375
0 0.84765625 0.5 0.03671875 0.04921875
0 0.83828125 0.4671875 0.0328125 0.04921875
0 0.51640625 0.521875 0.03671875 0.06015625
0 0.61796875 0.2515625 0.03671875 0.0546875
0 0.6 0.86640625 0.02890625 0.04921875
0 0.93984375 0.6203125 0.04765625 0.07109375
0 0.67109375 0.3828125 0.0328125 0.065625
0 0.65625 0.36328125 0.03984375 0.06015625
0 0.6015625 0.52734375 0.0328125 0.07109375
0 0.91484375 0.96484375 0.0546875 0.04921875