0 0.63515625 0.84453125 0.0703125 0.08125
0 0.759375 0.70703125 0.0515625 0.0609375
0 0.34375 0.39921875 0.0625 0.046875
0 0.4109375 0.346875 0.0421875 0.0390625
0 0.55546875 0.46484375 0.04375 0.04375
0 0.36953125 0.4671875 0.034375 0.0421875
0 0.371875 0.49453125 0.0484375 0.040625
0 0.490625 0.44609375 0.053125 0.0453125
0 0.4234375 0.446875 0.0625 0.053125
0 0.8234375 0.76015625 0.0328125 0.0359375
0 0.8140625 0.69296875 0.0375 0.034375
0 0.8203125 0.66171875 0.04375 0.0453125
0 0.8421875 0.5921875 0.04375 0.05
0 0.63046875 0.61640625 0.04375 0.05
0 0.5703125 0.71015625 0.0546875 0.053125
0 0.57734375 0.55703125 0.0421875 0.0390625
0 0.59375 0.6359375 0.05 0.05
0 0.590625 0.66171875 0.0359375 0.0484375
0 0.621875 0.69921875 0.034375 0.0390625
0 0.596875 0.696875 0.034375 0.0421875
0 0.63984375 0.58515625 0.053125 0.0484375
0 0.52890625 0.65078125 0.0359375 0.0296875
0 0.53671875 0.6671875 0.0359375 0.0296875
0 0.534375 0.6953125 0.0328125 0.0328125
0 0.5171875 0.67734375 0.0421875 0.0359375
0 0.50078125 0.6671875 0.04375 0.0453125
0 0.5046875 0.634375 0.034375 0.0390625
0 0.48515625 0.61640625 0.0375 0.0375
0 0.440625 0.7890625 0.04375 0.0453125
0 0.19921875 0.87421875 0.046875 0.0453125
0 0.30859375 0.79921875 0.0546875 0.053125
0 0.33671875 0.93359375 0.034375 0.0390625
0 0.52421875 0.8921875 0.0390625 0.0390625
0 0.30859375 0.89375 0.0375 0.0328125
0 0.32734375 0.85390625 0.034375 0.0390625
0 0.403125 0.75234375 0.046875 0.0453125
0 0.35390625 0.77421875 0.0375 0.034375
0 0.371875 0.7625 0.0359375 0.0328125
0 0.34296875 0.83359375 0.04375 0.046875
0 0.06328125 0.80859375 0.040625 0.0515625
0 0.18515625 0.75078125 0.0625 0.05
0 0.33359375 0.74140625 0.0484375 0.0484375
0 0.30859375 0.7328125 0.0390625 0.046875
0 0.46640625 0.6796875 0.0265625 0.028125
0 0.459375 0.66328125 0.034375 0.0296875
0 0.22265625 0.68828125 0.0515625 0.0421875
0 0.24921875 0.6640625 0.0578125 0.046875
0 0.29140625 0.67421875 0.0421875 0.0359375
0 0.13984375 0.67265625 0.05625 0.0484375
0 0.0265625 0.60078125 0.040625 0.0515625
0 0.0765625 0.6265625 0.04375 0.0453125
0 0.096875 0.55 0.034375 0.04375
0 0.015625 0.46171875 0.03125 0.0453125
0 0.171875 0.4609375 0.053125 0.0484375
0 0.165625 0.5765625 0.040625 0.0421875
0 0.14296875 0.58203125 0.0375 0.0390625
0 0.24609375 0.43359375 0.0390625 0.0421875
0 0.1828125 0.4125 0.0421875 0.0390625
0 0.196875 0.42265625 0.0375 0.0375
0 0.13515625 0.3625 0.0515625 0.0359375
0 0.321875 0.53359375 0.0359375 0.0375
0 0.2765625 0.51171875 0.0421875 0.0390625
0 0.271875 0.484375 0.04375 0.04375
0 0.3328125 0.5546875 0.04375 0.04375
0 0.1515625 0.6296875 0.05625 0.0453125
0 0.2453125 0.59140625 0.0390625 0.04375
0 0.4 0.625 0.0453125 0.0359375
0 0.32109375 0.62578125 0.0453125 0.0515625
0 0.303125 0.59296875 0.0375 0.0375
0 0.38203125 0.71328125 0.05 0.0453125