2 0.72421875 0.334375 0.0609375 0.084375
2 0.8046875 0.20390625 0.0578125 0.09375
2 0.72109375 0.14765625 0.040625 0.0609375
2 0.63203125 0.31796875 0.0453125 0.08125
2 0.61640625 0.3828125 0.04375 0.0734375
2 0.49140625 0.24375 0.0484375 0.0796875
2 0.4859375 0.49296875 0.05 0.075
2 0.51015625 0.6390625 0.0484375 0.06875
2 0.5359375 0.84765625 0.0421875 0.06875
2 0.6546875 0.7671875 0.0453125 0.06875
2 0.846875 0.43046875 0.0484375 0.06875
2 0.86484375 0.42734375 0.0375 0.05625
2 0.77890625 0.5921875 0.059375 0.0765625
2 0.83125 0.6015625 0.0421875 0.078125
2 0.90390625 0.45703125 0.0484375 0.0796875
2 0.7078125 0.93671875 0.0640625 0.084375
2 0.8828125 0.72265625 0.05625 0.065625