0 0.309375 0.30625 0.0953125 0.0875
0 0.3421875 0.36171875 0.0828125 0.06875
0 0.27734375 0.20703125 0.05625 0.046875
0 0.3125 0.18984375 0.06875 0.0546875
0 0.346875 0.171875 0.05625 0.046875
0 0.3171875 0.153125 0.0546875 0.0421875
0 0.66171875 0.0390625 0.0890625 0.078125
0 0.54921875 0.12109375 0.0921875 0.065625
0 0.50703125 0.0765625 0.0859375 0.065625
0 0.65703125 0.1671875 0.06875 0.053125
0 0.6703125 0.18203125 0.0609375 0.04375
0 0.54921875 0.18125 0.0671875 0.059375
0 0.740625 0.309375 0.0734375 0.0640625
0 0.565625 0.246875 0.075 0.0578125
0 0.80859375 0.18671875 0.071875 0.065625
0 0.59375 0.32734375 0.05 0.040625
0 0.6328125 0.365625 0.0578125 0.053125
0 0.68203125 0.23125 0.0515625 0.0421875
0 0.41640625 0.22421875 0.065625 0.0484375
0 0.39296875 0.246875 0.053125 0.0484375
0 0.459375 0.2640625 0.06875 0.0515625
0 0.4140625 0.30078125 0.059375 0.0578125
0 0.35234375 0.47421875 0.0578125 0.046875
0 0.49921875 0.3890625 0.075 0.0578125
0 0.44609375 0.36796875 0.0609375 0.05
0 0.45390625 0.34296875 0.0546875 0.0515625
0 0.45859375 0.44765625 0.05625 0.04375
0 0.46875 0.41640625 0.065625 0.059375
0 0.496875 0.42265625 0.059375 0.05
0 0.51015625 0.47890625 0.078125 0.05625
0 0.5421875 0.4640625 0.05625 0.05625
0 0.57109375 0.446875 0.0703125 0.0671875
0 0.57734375 0.4828125 0.065625 0.059375
0 0.58046875 0.51484375 0.0765625 0.0546875
0 0.534375 0.54921875 0.09375 0.071875
0 0.59765625 0.54765625 0.0765625 0.078125
0 0.46875 0.5953125 0.0703125 0.0578125
0 0.5765625 0.63125 0.075 0.0578125
0 0.359375 0.646875 0.078125 0.05625
0 0.36484375 0.83671875 0.096875 0.0703125
0 0.4765625 0.74296875 0.0625 0.046875
0 0.50703125 0.75546875 0.0828125 0.0671875
0 0.6125 0.79375 0.0703125 0.0609375
0 0.51015625 0.63671875 0.065625 0.059375
0 0.4203125 0.6390625 0.071875 0.065625
0 0.46328125 0.6359375 0.0546875 0.0515625
0 0.61328125 0.67109375 0.0875 0.0671875
0 0.58828125 0.7390625 0.059375 0.0546875
0 0.6859375 0.771875 0.0796875 0.0578125
0 0.5859375 0.0703125 0.05 0.0375
0 0.65703125 0.42734375 0.06875 0.0640625