0 0.77578125 0.68515625 0.075 0.075
0 0.73046875 0.6 0.075 0.05625
0 0.46640625 0.66875 0.0671875 0.05
0 0.50859375 0.7296875 0.0640625 0.053125
0 0.3828125 0.80859375 0.075 0.0578125
0 0.36015625 0.78046875 0.0671875 0.0578125
0 0.4546875 0.8375 0.065625 0.0546875
0 0.3953125 0.6234375 0.0625 0.0421875
0 0.49453125 0.7671875 0.0609375 0.05
0 0.46953125 0.72265625 0.05625 0.0546875
0 0.41640625 0.69453125 0.0609375 0.0515625
0 0.446875 0.775 0.059375 0.0484375
0 0.40859375 0.66328125 0.0515625 0.046875