2 0.5625 0.23515625 0.0671875 0.0328125
2 0.43828125 0.19140625 0.0625 0.0359375
2 0.33203125 0.146875 0.0671875 0.0375
2 0.19296875 0.12109375 0.0671875 0.0296875
2 0.2546875 0.16953125 0.0421875 0.0234375
2 0.3234375 0.265625 0.0671875 0.0359375
2 0.403125 0.12421875 0.05625 0.025
2 0.39140625 0.13828125 0.05625 0.0328125
2 0.465625 0.11875 0.05 0.025
2 0.5421875 0.17421875 0.05625 0.028125
2 0.61328125 0.23671875 0.0625 0.0328125
2 0.690625 0.296875 0.0671875 0.03125
2 0.62578125 0.32421875 0.0671875 0.034375
2 0.78828125 0.2640625 0.0734375 0.0328125
2 0.6640625 0.21953125 0.0546875 0.028125
2 0.73203125 0.28203125 0.05625 0.0328125
2 0.46796875 0.271875 0.0671875 0.03125
2 0.50078125 0.27734375 0.0625 0.0375
2 0.55703125 0.25703125 0.0546875 0.0359375
2 0.62734375 0.3578125 0.05625 0.0265625
2 0.50625 0.33359375 0.0671875 0.03125
2 0.4515625 0.32890625 0.0671875 0.03125
2 0.340625 0.309375 0.084375 0.0390625
2 0.3953125 0.31796875 0.0609375 0.0296875
2 0.23515625 0.296875 0.0546875 0.0328125
2 0.1421875 0.28671875 0.0609375 0.03125
2 0.43671875 0.40078125 0.0671875 0.0359375
2 0.8828125 0.4 0.0609375 0.03125
2 0.95234375 0.403125 0.0671875 0.0359375
2 0.96328125 0.37734375 0.0671875 0.0390625
2 0.2765625 0.3703125 0.0484375 0.0265625
2 0.28046875 0.4015625 0.0546875 0.0328125
2 0.31171875 0.44609375 0.0546875 0.04375
2 0.27109375 0.453125 0.0671875 0.0421875
2 0.30234375 0.50546875 0.0671875 0.0484375
2 0.4140625 0.425 0.05625 0.0421875
2 0.4515625 0.4796875 0.0671875 0.0421875
2 0.50859375 0.4953125 0.0625 0.0359375
2 0.5546875 0.5296875 0.05625 0.0359375
2 0.58515625 0.5515625 0.05625 0.0359375
2 0.6125 0.39453125 0.0625 0.0484375
2 0.59296875 0.4171875 0.05625 0.0453125
2 0.6765625 0.496875 0.0609375 0.0390625
2 0.7203125 0.53359375 0.0609375 0.034375
2 0.75546875 0.359375 0.05 0.0359375
2 0.72421875 0.4140625 0.0671875 0.0421875
2 0.775 0.39921875 0.0734375 0.0359375
2 0.7328125 0.3890625 0.0625 0.0328125
2 0.75078125 0.48125 0.0671875 0.0375
2 0.86328125 0.434375 0.0546875 0.0453125
2 0.88828125 0.4796875 0.0671875 0.03125
2 0.06875 0.425 0.0609375 0.0375
2 0.11171875 0.4484375 0.0609375 0.040625
2 0.13359375 0.4859375 0.0546875 0.0453125
2 0.4515625 0.6578125 0.05625 0.0265625
2 0.340625 0.65859375 0.0484375 0.0171875
2 0.3359375 0.6765625 0.046875 0.021875
2 0.35078125 0.68984375 0.0421875 0.0203125
2 0.25546875 0.703125 0.040625 0.021875
2 0.3578125 0.725 0.0546875 0.025
2 0.31640625 0.72734375 0.04375 0.028125
2 0.2171875 0.72578125 0.0390625 0.0265625
2 0.190625 0.725 0.0421875 0.0296875
2 0.2125 0.74609375 0.05 0.0296875
2 0.2796875 0.8015625 0.05 0.0359375
2 0.2875 0.83984375 0.05 0.03125
2 0.34453125 0.85625 0.05625 0.028125
2 0.4640625 0.74375 0.0484375 0.0234375
2 0.5421875 0.6765625 0.0421875 0.0265625
2 0.51796875 0.68046875 0.04375 0.0265625
2 0.5984375 0.66484375 0.0484375 0.021875
2 0.5171875 0.75 0.0359375 0.021875
2 0.584375 0.76796875 0.0375 0.021875
2 0.53125 0.796875 0.0484375 0.021875
2 0.58515625 0.79921875 0.0375 0.01875
2 0.67734375 0.77421875 0.0421875 0.021875
2 0.71875 0.75625 0.04375 0.0234375
2 0.73984375 0.765625 0.0359375 0.021875
2 0.48515625 0.83671875 0.046875 0.0234375
2 0.4828125 0.84765625 0.040625 0.0203125
2 0.45859375 0.8640625 0.05625 0.0328125
2 0.56875 0.83359375 0.0484375 0.0234375
2 0.42734375 0.8984375 0.0625 0.0296875
2 0.3078125 0.89921875 0.046875 0.0234375
2 0.596875 0.86875 0.04375 0.0265625
2 0.50859375 0.93515625 0.0453125 0.025
2 0.6015625 0.9234375 0.0484375 0.0234375
2 0.671875 0.88359375 0.0484375 0.0234375
2 0.73828125 0.79921875 0.0296875 0.021875
2 0.7734375 0.784375 0.04375 0.0359375