1 0.32578125 0.603125 0.0671875 0.0765625
1 0.18125 0.81484375 0.0625 0.0859375
1 0.1453125 0.81484375 0.0609375 0.090625
1 0.6640625 0.39765625 0.0625 0.1140625
1 0.56484375 0.76796875 0.0578125 0.0859375
1 0.81484375 0.21484375 0.065625 0.0984375
1 0.82421875 0.33046875 0.0734375 0.115625
1 0.87734375 0.2359375 0.05625 0.0734375
1 0.8828125 0.3078125 0.0640625 0.0921875
1 0.81640625 0.478125 0.08125 0.1140625
1 0.871875 0.4578125 0.0671875 0.1015625
1 0.9 0.45546875 0.065625 0.096875
1 0.92109375 0.51484375 0.0609375 0.075
1 0.89140625 0.58359375 0.0578125 0.090625
1 0.72421875 0.6921875 0.084375 0.1078125
1 0.78046875 0.78125 0.0609375 0.075
1 0.7171875 0.84921875 0.0671875 0.103125
1 0.72578125 0.928125 0.065625 0.096875
1 0.81796875 0.85703125 0.0578125 0.0625
1 0.8015625 0.92109375 0.059375 0.0859375
1 0.20625 0.359375 0.059375 0.1125
1 0.12578125 0.609375 0.053125 0.0984375