0 0.6484375 0.67109375 0.0421875 0.0515625
0 0.5984375 0.65625 0.04375 0.0578125
0 0.7390625 0.66796875 0.0484375 0.0640625
0 0.70390625 0.5875 0.0515625 0.0609375
0 0.65546875 0.53671875 0.040625 0.05
0 0.56171875 0.72109375 0.034375 0.05
0 0.51953125 0.615625 0.0453125 0.0625
0 0.46875 0.57421875 0.0390625 0.05
0 0.49765625 0.6328125 0.0453125 0.0671875
0 0.51875 0.69140625 0.0453125 0.0671875
0 0.56328125 0.534375 0.05 0.0640625
0 0.55625 0.61796875 0.0375 0.046875
0 0.40078125 0.49375 0.0328125 0.04375
0 0.44921875 0.6265625 0.0359375 0.0546875
0 0.42890625 0.5765625 0.0390625 0.0515625
0 0.5953125 0.60625 0.0328125 0.0390625
0 0.4390625 0.521875 0.0375 0.046875
0 0.475 0.55390625 0.0375 0.0421875
0 0.4703125 0.53203125 0.0421875 0.0515625
0 0.5265625 0.571875 0.0375 0.0421875