2 0.140625 0.37890625 0.0421875 0.05703125
2 0.31484375 0.37890625 0.034375 0.04609375
2 0.38203125 0.44296875 0.03828125 0.0515625
2 0.403125 0.43828125 0.034375 0.0515625
2 0.4265625 0.51015625 0.034375 0.0515625
2 0.48671875 0.5359375 0.03828125 0.0515625
2 0.509375 0.471875 0.03125 0.04609375
2 0.5 0.4484375 0.034375 0.04140625
2 0.49609375 0.40234375 0.034375 0.0515625
2 0.47109375 0.3296875 0.03125 0.04140625
2 0.47890625 0.26796875 0.03125 0.04140625
2 0.58125 0.35859375 0.034375 0.04609375
2 0.23359375 0.2734375 0.034375 0.04140625
2 0.24140625 0.24453125 0.034375 0.0359375
2 0.25859375 0.21171875 0.03125 0.04140625
2 0.2796875 0.20859375 0.034375 0.04609375
2 0.29765625 0.18828125 0.03125 0.04609375
2 0.31640625 0.21875 0.03828125 0.04609375
2 0.33046875 0.1859375 0.034375 0.0515625
2 0.34921875 0.1703125 0.034375 0.04140625
2 0.35703125 0.20625 0.034375 0.0515625
2 0.37421875 0.1859375 0.03125 0.0515625
2 0.38203125 0.16015625 0.03125 0.04140625
2 0.39375 0.1625 0.0234375 0.0359375
2 0.43046875 0.1828125 0.034375 0.05703125
2 0.46171875 0.18828125 0.034375 0.04609375
2 0.4765625 0.14921875 0.0421875 0.03125
2 0.48828125 0.18046875 0.034375 0.04140625
2 0.50546875 0.1671875 0.03828125 0.04609375
2 0.54609375 0.20625 0.02734375 0.04140625
2 0.56953125 0.1671875 0.034375 0.04609375
2 0.6140625 0.1828125 0.03828125 0.04609375
2 0.57734375 0.234375 0.034375 0.04609375
2 0.6140625 0.234375 0.03125 0.04609375
2 0.63125 0.22421875 0.02734375 0.0359375
2 0.60234375 0.29609375 0.03125 0.04609375
2 0.66953125 0.234375 0.034375 0.04609375
2 0.67578125 0.2859375 0.03125 0.04609375
2 0.72421875 0.24453125 0.034375 0.04609375
2 0.76796875 0.2734375 0.03125 0.04140625
2 0.79140625 0.2859375 0.03125 0.04609375
2 0.80859375 0.30703125 0.02734375 0.04609375
2 0.83046875 0.32734375 0.03125 0.04609375
2 0.84765625 0.34296875 0.034375 0.04609375
2 0.86640625 0.37109375 0.02734375 0.0515625
2 0.8359375 0.36875 0.02734375 0.0359375
2 0.83046875 0.39453125 0.03828125 0.04609375
2 0.771875 0.325 0.03125 0.04140625
2 0.74140625 0.325 0.03125 0.04140625
2 0.6875 0.35546875 0.03828125 0.0515625
2 0.65625 0.3890625 0.03828125 0.05703125
2 0.89765625 0.6390625 0.034375 0.04140625
2 0.88046875 0.6234375 0.03125 0.04140625
2 0.88203125 0.5875 0.034375 0.04140625
2 0.7796875 0.6109375 0.03125 0.0359375
2 0.728125 0.575 0.034375 0.04609375
2 0.753125 0.5828125 0.03125 0.04140625
2 0.8046875 0.73203125 0.0421875 0.04140625
2 0.7046875 0.78359375 0.034375 0.04140625
2 0.7296875 0.72421875 0.03125 0.04609375
2 0.80859375 0.8015625 0.0421875 0.05703125
2 0.646875 0.59765625 0.034375 0.0515625
2 0.62734375 0.6265625 0.0421875 0.04609375
2 0.61171875 0.71875 0.0421875 0.04609375
2 0.63671875 0.75546875 0.04609375 0.05703125
2 0.62578125 0.646875 0.03828125 0.0359375
2 0.28984375 0.634375 0.03828125 0.0515625
2 0.25078125 0.66015625 0.03828125 0.0515625
2 0.26484375 0.68046875 0.034375 0.04140625
2 0.29765625 0.71171875 0.03828125 0.04140625
2 0.43828125 0.59296875 0.0421875 0.0515625
2 0.41328125 0.70625 0.04609375 0.0515625
2 0.43828125 0.66015625 0.034375 0.04140625
2 0.46328125 0.6390625 0.03125 0.04140625
2 0.48671875 0.6546875 0.03125 0.04140625
2 0.534375 0.66015625 0.0421875 0.0515625
2 0.55625 0.4046875 0.03125 0.04609375