1 0.8109375 0.15 0.084375 0.0609375
1 0.75 0.28203125 0.10625 0.0875
1 0.834375 0.38515625 0.090625 0.0703125
1 0.86015625 0.47578125 0.0921875 0.078125
1 0.78125 0.53125 0.0875 0.0765625
1 0.525 0.2921875 0.090625 0.0671875
1 0.60234375 0.21015625 0.0890625 0.065625
1 0.61015625 0.17421875 0.084375 0.065625
1 0.5234375 0.13203125 0.090625 0.0734375
1 0.4703125 0.10234375 0.103125 0.078125
1 0.36015625 0.09921875 0.1171875 0.0953125
1 0.36640625 0.16796875 0.096875 0.0734375
1 0.32421875 0.19921875 0.11875 0.0859375
1 0.159375 0.2640625 0.103125 0.0765625
1 0.1796875 0.32578125 0.121875 0.0890625
1 0.390625 0.3046875 0.10625 0.075
1 0.30859375 0.421875 0.125 0.1015625
1 0.215625 0.4390625 0.109375 0.0859375
1 0.15625 0.47265625 0.0984375 0.0828125
1 0.39375 0.534375 0.0953125 0.084375
1 0.24140625 0.64296875 0.103125 0.08125
1 0.5078125 0.6796875 0.0984375 0.0796875
1 0.4703125 0.67578125 0.0953125 0.06875
1 0.59765625 0.74921875 0.1140625 0.084375
1 0.6140625 0.809375 0.1140625 0.0796875
1 0.55546875 0.9046875 0.1125 0.08125
1 0.396875 0.89296875 0.1125 0.08125
1 0.3078125 0.72734375 0.1015625 0.0765625
1 0.3078125 0.790625 0.115625 0.090625