2 0.81875 0.16953125 0.14375 0.1140625
2 0.17109375 0.18984375 0.153125 0.1046875
2 0.27890625 0.2484375 0.1328125 0.103125
2 0.375 0.30078125 0.15 0.1171875
2 0.45859375 0.359375 0.11875 0.0875
2 0.9046875 0.75390625 0.0953125 0.1
2 0.7671875 0.9640625 0.096875 0.071875
2 0.9546875 0.4046875 0.090625 0.084375
2 0.871875 0.4171875 0.10625 0.0734375
2 0.7703125 0.44765625 0.1125 0.1015625
2 0.6140625 0.66640625 0.1375 0.1234375
2 0.65546875 0.43046875 0.1328125 0.0875
2 0.32734375 0.77890625 0.1109375 0.1125
2 0.2921875 0.5015625 0.1140625 0.0890625
2 0.20546875 0.52109375 0.1203125 0.0921875
2 0.1921875 0.5796875 0.159375 0.13125
2 0.275 0.66640625 0.1171875 0.1015625