2 0.73515625 0.35 0.08125 0.053125
2 0.8859375 0.32109375 0.0921875 0.0484375
2 0.9078125 0.4203125 0.059375 0.034375
2 0.7171875 0.44140625 0.0796875 0.0375
2 0.6515625 0.43359375 0.071875 0.0359375
2 0.73671875 0.6 0.078125 0.040625
2 0.5015625 0.515625 0.071875 0.0421875
2 0.3734375 0.440625 0.065625 0.0421875
2 0.18828125 0.3421875 0.0671875 0.0359375
2 0.30625 0.259375 0.065625 0.0390625
2 0.6890625 0.2015625 0.065625 0.0421875
2 0.6984375 0.18515625 0.0546875 0.03125
2 0.5140625 0.20625 0.0734375 0.0515625
2 0.5234375 0.15390625 0.078125 0.034375
2 0.684375 0.13828125 0.078125 0.040625
2 0.16640625 0.15 0.0796875 0.05625
2 0.42890625 0.06328125 0.0609375 0.05