2 0.134375 0.0921875 0.03515625 0.06171875
2 0.275 0.08359375 0.04609375 0.05625
2 0.31015625 0.30703125 0.053125 0.0671875
2 0.353125 0.18984375 0.053125 0.05625
2 0.40078125 0.42421875 0.028125 0.05625
2 0.66328125 0.29921875 0.0421875 0.07265625
2 0.58515625 0.43828125 0.03515625 0.07265625
2 0.634375 0.4890625 0.03515625 0.06171875
2 0.6984375 0.8046875 0.0421875 0.078125
2 0.55703125 0.51640625 0.03515625 0.07265625
2 0.56171875 0.63984375 0.0390625 0.07265625
2 0.5125 0.70078125 0.04609375 0.08359375
2 0.4765625 0.7875 0.04609375 0.078125
2 0.2875 0.9109375 0.0421875 0.078125