0 0.21640625 0.89453125 0.03125 0.05703125
0 0.4109375 0.1984375 0.034375 0.04609375
0 0.3265625 0.3015625 0.02734375 0.04609375
0 0.2203125 0.69296875 0.03125 0.04609375
0 0.2453125 0.634375 0.02734375 0.0515625
0 0.2609375 0.5875 0.034375 0.04140625
0 0.25859375 0.5234375 0.03828125 0.04609375
0 0.3359375 0.37890625 0.03125 0.05703125
0 0.30859375 0.4046875 0.0234375 0.04609375
0 0.2875 0.5 0.02734375 0.04140625
0 0.29140625 0.440625 0.02734375 0.0359375
0 0.3609375 0.28828125 0.02734375 0.0515625
0 0.490625 0.12890625 0.03828125 0.04140625
0 0.515625 0.146875 0.034375 0.04609375
0 0.7046875 0.29140625 0.034375 0.04609375
0 0.63515625 0.2265625 0.034375 0.04140625
0 0.5578125 0.1703125 0.02734375 0.04140625
0 0.73359375 0.33984375 0.0234375 0.0515625
0 0.58671875 0.178125 0.0234375 0.04609375
0 0.66015625 0.26015625 0.0234375 0.0359375
0 0.74921875 0.3375 0.0234375 0.0359375
0 0.68125 0.3375 0.01953125 0.04609375