2 0.38671875 0.546875 0.0359375 0.0234375
2 0.31875 0.553125 0.0296875 0.01640625
2 0.315625 0.48359375 0.0234375 0.01640625
2 0.4140625 0.46328125 0.0296875 0.0234375
2 0.48203125 0.45625 0.0234375 0.01640625
2 0.41640625 0.5046875 0.0234375 0.0203125
2 0.375 0.5015625 0.0234375 0.0203125
2 0.61875 0.43828125 0.0359375 0.0203125
2 0.7140625 0.46015625 0.0359375 0.0234375
2 0.49375 0.56875 0.0359375 0.0203125
2 0.6515625 0.55 0.0296875 0.01640625
2 0.54765625 0.5484375 0.0234375 0.01328125
2 0.54765625 0.53671875 0.0234375 0.01640625
2 0.73515625 0.51328125 0.0296875 0.01640625
2 0.51171875 0.496875 0.0359375 0.01640625
2 0.61015625 0.5515625 0.0296875 0.0203125
2 0.4640625 0.5453125 0.0359375 0.0203125
2 0.503125 0.43984375 0.0296875 0.01640625
2 0.51484375 0.44296875 0.0296875 0.01640625
2 0.45546875 0.46953125 0.0296875 0.01640625
2 0.44609375 0.4796875 0.0359375 0.01640625
2 0.38671875 0.44453125 0.0234375 0.01328125
2 0.3421875 0.48671875 0.0296875 0.01640625
2 0.4609375 0.4546875 0.0296875 0.0203125
2 0.628125 0.58515625 0.0296875 0.0203125
2 0.55625 0.50859375 0.04140625 0.0203125
2 0.5890625 0.48359375 0.0234375 0.01640625
2 0.60703125 0.51484375 0.0359375 0.0203125
2 0.3515625 0.9234375 0.0359375 0.0203125
2 0.3453125 0.94296875 0.0359375 0.0203125
2 0.3453125 0.953125 0.0359375 0.01328125
2 0.7140625 0.5734375 0.04765625 0.03046875