2 0.44140625 0.3921875 0.028125 0.0390625
2 0.428125 0.325 0.01875 0.0328125
2 0.496875 0.31484375 0.0203125 0.0265625
2 0.52734375 0.4109375 0.0265625 0.0296875
2 0.54140625 0.47734375 0.01875 0.025
2 0.48671875 0.4171875 0.0234375 0.025
2 0.48515625 0.37578125 0.025 0.0265625
2 0.5734375 0.61171875 0.0234375 0.0390625
2 0.56171875 0.70859375 0.0265625 0.0359375
2 0.43125 0.50078125 0.021875 0.0390625
2 0.46640625 0.65625 0.01875 0.0296875
2 0.45703125 0.55234375 0.015625 0.025
2 0.46875 0.5515625 0.0203125 0.025
2 0.51171875 0.73515625 0.0203125 0.03125
2 0.5046875 0.5109375 0.01875 0.0375
2 0.46015625 0.61484375 0.025 0.03125
2 0.4515625 0.46875 0.025 0.0359375
2 0.56015625 0.496875 0.0203125 0.0328125
2 0.55859375 0.50859375 0.0203125 0.03125
2 0.52578125 0.45234375 0.0203125 0.03125
2 0.51484375 0.44453125 0.01875 0.0375
2 0.54296875 0.38125 0.0171875 0.025
2 0.496875 0.34140625 0.0203125 0.0296875
2 0.540625 0.45625 0.025 0.0296875
2 0.42890625 0.6359375 0.0234375 0.0328125
2 0.49765625 0.55703125 0.025 0.0421875
2 0.52578125 0.58671875 0.01875 0.0234375
2 0.49609375 0.6078125 0.0234375 0.0375
2 0.06328125 0.396875 0.025 0.0359375
2 0.04296875 0.3921875 0.0234375 0.0359375
2 0.0328125 0.39375 0.015625 0.0359375
2 0.44921875 0.7203125 0.0359375 0.05