1 0.2421875 0.65234375 0.04921875 0.084375
1 0.4015625 0.5703125 0.0453125 0.07890625
1 0.41015625 0.440625 0.0421875 0.07890625
1 0.37578125 0.4578125 0.0421875 0.07890625
1 0.33671875 0.46015625 0.04921875 0.09609375
1 0.45625 0.3359375 0.03515625 0.084375
1 0.27890625 0.503125 0.03125 0.07890625
1 0.24921875 0.52265625 0.03515625 0.0734375
1 0.228125 0.47421875 0.0421875 0.07890625
1 0.26171875 0.3640625 0.0453125 0.09609375
1 0.2265625 0.3390625 0.0453125 0.090625
1 0.1984375 0.23984375 0.05234375 0.10703125
1 0.2140625 0.19765625 0.04921875 0.1015625
1 0.23515625 0.1640625 0.03515625 0.0453125
1 0.27578125 0.20625 0.06640625 0.10703125
1 0.3265625 0.209375 0.0421875 0.090625
1 0.35625 0.23984375 0.03828125 0.084375
1 0.3421875 0.28828125 0.03125 0.06796875
1 0.371875 0.2765625 0.04921875 0.05625
1 0.384375 0.1609375 0.059375 0.084375
1 0.4171875 0.19765625 0.028125 0.05625
1 0.4453125 0.14375 0.05625 0.0734375
1 0.49140625 0.5453125 0.028125 0.0625
1 0.66171875 0.76875 0.03125 0.06796875
1 0.7296875 0.62421875 0.0421875 0.05078125
1 0.80546875 0.528125 0.03828125 0.084375
1 0.70703125 0.6640625 0.0453125 0.0734375
1 0.67734375 0.66953125 0.0421875 0.0734375
1 0.67734375 0.559375 0.0421875 0.06796875
1 0.70703125 0.48046875 0.0453125 0.05625
1 0.65625 0.4859375 0.03515625 0.06796875
1 0.8265625 0.36171875 0.0453125 0.07890625
1 0.8265625 0.2796875 0.059375 0.0734375
1 0.79453125 0.2625 0.03125 0.0625
1 0.77734375 0.2375 0.03828125 0.07890625
1 0.75078125 0.3109375 0.0421875 0.090625
1 0.6859375 0.3671875 0.0453125 0.07890625
1 0.54921875 0.3109375 0.03125 0.06796875
1 0.56484375 0.2375 0.028125 0.07890625
1 0.58046875 0.2484375 0.03828125 0.05625
1 0.63359375 0.2515625 0.03828125 0.0625
1 0.62109375 0.178125 0.03515625 0.0734375
1 0.63828125 0.31640625 0.04921875 0.1015625
1 0.68046875 0.30546875 0.06328125 0.07890625
1 0.71953125 0.18046875 0.0703125 0.06796875
1 0.6296875 0.12734375 0.05234375 0.0625
1 0.58046875 0.09921875 0.03828125 0.05078125
1 0.496875 0.08203125 0.03828125 0.05078125
1 0.70703125 0.1359375 0.03125 0.03359375
1 0.671875 0.1359375 0.05234375 0.06796875