0 0.38203125 0.134375 0.04609375 0.103125
0 0.35703125 0.146875 0.0421875 0.07734375
0 0.2953125 0.0640625 0.0421875 0.0671875
0 0.47265625 0.5359375 0.08125 0.06171875
0 0.5890625 0.5359375 0.065625 0.103125
0 0.36328125 0.29375 0.05390625 0.071875
0 0.434375 0.25234375 0.0421875 0.071875
0 0.18359375 0.15234375 0.0734375 0.09765625
0 0.29765625 0.25 0.05390625 0.0671875
0 0.45 0.32734375 0.0421875 0.07734375
0 0.3859375 0.440625 0.1546875 0.12890625
0 0.3921875 0.39921875 0.0734375 0.07734375
0 0.5015625 0.384375 0.06171875 0.10859375
0 0.73203125 0.5796875 0.0578125 0.10859375
0 0.640625 0.53828125 0.06953125 0.09765625
0 0.63125 0.48203125 0.05 0.0671875
0 0.65625 0.471875 0.03828125 0.05703125
0 0.84921875 0.27578125 0.04609375 0.0875
0 0.6296875 0.2265625 0.04609375 0.071875
0 0.62578125 0.3015625 0.05390625 0.0875
0 0.63515625 0.4046875 0.0421875 0.0671875
0 0.721875 0.2625 0.03828125 0.071875
0 0.63359375 0.36328125 0.04609375 0.05703125
0 0.68515625 0.4203125 0.05 0.07734375
0 0.84765625 0.93828125 0.05 0.0828125
0 0.9015625 0.87109375 0.05 0.0828125
0 0.27578125 0.1625 0.065625 0.05703125