0 0.5546875 0.57265625 0.04375 0.0296875
0 0.5703125 0.56796875 0.05 0.0296875
0 0.590625 0.51640625 0.0421875 0.025
0 0.6015625 0.4984375 0.0484375 0.0296875
0 0.43984375 0.54296875 0.05 0.034375
0 0.40546875 0.415625 0.04375 0.0296875
0 0.5484375 0.45546875 0.046875 0.0234375
0 0.59140625 0.41953125 0.0421875 0.025
0 0.5078125 0.321875 0.0359375 0.025
0 0.46953125 0.5078125 0.0421875 0.025
0 0.52421875 0.39609375 0.04375 0.0296875
0 0.41015625 0.35234375 0.0375 0.0328125
0 0.3671875 0.51640625 0.05 0.034375
0 0.5109375 0.484375 0.0484375 0.0359375
0 0.33671875 0.7828125 0.04375 0.03125
0 0.41328125 0.94296875 0.0375 0.0296875
0 0.384375 0.94296875 0.05 0.0296875
0 0.47421875 0.85 0.04375 0.028125
0 0.34296875 0.871875 0.04375 0.028125
0 0.26328125 0.8359375 0.0359375 0.0234375
0 0.2140625 0.7640625 0.0359375 0.0234375
0 0.25078125 0.703125 0.0359375 0.025
0 0.2828125 0.8875 0.04375 0.0328125
0 0.415625 0.85625 0.04375 0.0296875
0 0.853125 0.8234375 0.0484375 0.0296875
0 0.8390625 0.84765625 0.0484375 0.03125
0 0.80625 0.8234375 0.059375 0.040625
0 0.7359375 0.8765625 0.046875 0.0265625
0 0.63984375 0.8546875 0.0609375 0.040625
0 0.26875 0.796875 0.0375 0.028125
0 0.19375 0.6703125 0.03125 0.021875
0 0.18203125 0.64453125 0.0359375 0.021875
0 0.04609375 0.87578125 0.05625 0.034375
0 0.10625 0.8375 0.05 0.034375