2 0.2375 0.428125 0.0296875 0.065625
2 0.1890625 0.55078125 0.03359375 0.06015625
2 0.14140625 0.65546875 0.03671875 0.065625
2 0.1109375 0.79375 0.0296875 0.065625
2 0.1609375 0.73359375 0.0234375 0.0421875
2 0.259375 0.66796875 0.03359375 0.065625
2 0.12109375 0.58359375 0.0234375 0.05390625
2 0.134375 0.59609375 0.0296875 0.05390625
2 0.11796875 0.52109375 0.0234375 0.04765625
2 0.17578125 0.44609375 0.0265625 0.05390625
2 0.240625 0.37734375 0.0296875 0.06015625
2 0.30390625 0.30234375 0.0296875 0.065625
2 0.32890625 0.36796875 0.03359375 0.065625
2 0.27421875 0.20390625 0.0296875 0.071875
2 0.22578125 0.3265625 0.0265625 0.05390625
2 0.290625 0.26015625 0.0296875 0.05390625
2 0.27109375 0.52421875 0.0296875 0.065625
2 0.27734375 0.49140625 0.03671875 0.06015625
2 0.259375 0.434375 0.03359375 0.05390625
2 0.3625 0.36796875 0.0265625 0.05390625
2 0.33359375 0.48828125 0.0296875 0.065625
2 0.32734375 0.5421875 0.0296875 0.065625
2 0.30390625 0.65234375 0.03671875 0.08359375
2 0.3140625 0.5984375 0.0296875 0.06015625
2 0.2875 0.7578125 0.0296875 0.05390625
2 0.27421875 0.85 0.0296875 0.06015625
2 0.3984375 0.56015625 0.03359375 0.065625
2 0.41328125 0.1140625 0.0296875 0.06015625
2 0.41875 0.04453125 0.03359375 0.065625
2 0.39375 0.0328125 0.03671875 0.065625
2 0.3625 0.71875 0.0265625 0.04765625
2 0.39375 0.715625 0.0296875 0.05390625
2 0.43984375 0.6859375 0.04296875 0.05390625
2 0.4453125 0.72734375 0.03984375 0.065625
2 0.4984375 0.69765625 0.046875 0.065625
2 0.421875 0.58359375 0.03984375 0.05390625
2 0.478125 0.54765625 0.03984375 0.065625
2 0.4953125 0.49140625 0.03359375 0.06015625
2 0.53125 0.44609375 0.03359375 0.05390625
2 0.5546875 0.41640625 0.03359375 0.05390625
2 0.3984375 0.38359375 0.046875 0.06015625
2 0.4203125 0.40390625 0.04296875 0.05390625
2 0.503125 0.3234375 0.03671875 0.06015625
2 0.54140625 0.28125 0.03359375 0.06015625
2 0.36875 0.23984375 0.03359375 0.04765625
2 0.421875 0.27265625 0.03984375 0.065625
2 0.40859375 0.221875 0.03359375 0.071875
2 0.396875 0.26328125 0.0296875 0.06015625
2 0.48984375 0.2484375 0.03671875 0.065625
2 0.446875 0.134375 0.04296875 0.05390625
2 0.49296875 0.1109375 0.0296875 0.065625
2 0.41015625 0.928125 0.03671875 0.06015625
2 0.43515625 0.8859375 0.03984375 0.06015625
2 0.4734375 0.865625 0.04296875 0.05390625
2 0.65625 0.55390625 0.0234375 0.05390625
2 0.653125 0.66484375 0.01640625 0.04765625
2 0.67109375 0.6703125 0.0203125 0.04765625
2 0.684375 0.65546875 0.0203125 0.0421875
2 0.69453125 0.7515625 0.0203125 0.0421875
2 0.71953125 0.65 0.0234375 0.05390625
2 0.72109375 0.69140625 0.0265625 0.0421875
2 0.715625 0.790625 0.0234375 0.0359375
2 0.7140625 0.8171875 0.0265625 0.0421875
2 0.7359375 0.79609375 0.0296875 0.04765625
2 0.79375 0.73046875 0.03359375 0.04765625
2 0.83203125 0.72421875 0.0296875 0.04765625
2 0.85078125 0.66796875 0.0265625 0.05390625
2 0.7421875 0.54453125 0.0234375 0.04765625
2 0.678125 0.4640625 0.0265625 0.0421875
2 0.68125 0.48828125 0.0265625 0.0421875
2 0.66796875 0.40703125 0.0203125 0.04765625
2 0.75078125 0.49140625 0.0203125 0.0359375
2 0.77109375 0.425 0.0203125 0.0359375
2 0.79765625 0.47890625 0.0203125 0.04765625
2 0.80234375 0.425 0.01640625 0.0359375
2 0.78046875 0.33203125 0.0203125 0.0421875
2 0.7640625 0.290625 0.0203125 0.0421875
2 0.77421875 0.26953125 0.0203125 0.0359375
2 0.8359375 0.5265625 0.0234375 0.04765625
2 0.846875 0.5296875 0.0203125 0.0421875
2 0.8625 0.55390625 0.0296875 0.05390625
2 0.8359375 0.44296875 0.0234375 0.04765625
2 0.8953125 0.58671875 0.0296875 0.06015625
2 0.8921875 0.70625 0.0234375 0.04765625
2 0.871875 0.41640625 0.0234375 0.0421875
2 0.93515625 0.50625 0.0234375 0.0421875
2 0.9265625 0.41328125 0.0203125 0.04765625
2 0.8890625 0.34140625 0.0234375 0.04765625
2 0.80703125 0.27265625 0.0203125 0.0296875
2 0.79375 0.23671875 0.03359375 0.0421875