2 0.2609375 0.45859375 0.028125 0.0640625
2 0.2609375 0.35 0.028125 0.0640625
2 0.2609375 0.2609375 0.028125 0.0640625
2 0.246875 0.70390625 0.025 0.0703125
2 0.26875 0.06015625 0.03125 0.04453125
2 0.228125 0.05390625 0.0375 0.05703125
2 0.240625 0.85 0.03125 0.05703125
2 0.8703125 0.7703125 0.053125 0.11484375
2 0.878125 0.71015625 0.04375 0.0953125
2 0.8109375 0.5734375 0.040625 0.0890625
2 0.609375 0.2640625 0.04375 0.0703125
2 0.6140625 0.20390625 0.034375 0.0890625
2 0.640625 0.159375 0.03125 0.1015625
2 0.565625 0.30546875 0.05 0.11484375
2 0.8046875 0.175 0.034375 0.0953125
2 0.853125 0.18828125 0.03125 0.12109375
2 0.84375 0.37265625 0.0375 0.10859375
2 0.821875 0.28984375 0.04375 0.12109375
2 0.7875 0.02890625 0.0375 0.05703125
2 0.9796875 0.334375 0.034375 0.10859375
2 0.9625 0.153125 0.04375 0.11484375
2 0.9453125 0.0890625 0.034375 0.0765625
2 0.9359375 0.03203125 0.053125 0.0640625