0 0.56015625 0.43046875 0.14375 0.128125
0 0.61484375 0.296875 0.11875 0.09375
0 0.64453125 0.41875 0.1125 0.0921875
0 0.534375 0.60078125 0.1015625 0.084375
0 0.67578125 0.22734375 0.1109375 0.0859375
0 0.72265625 0.1609375 0.1234375 0.0890625
0 0.775 0.0921875 0.1015625 0.09375
0 0.45859375 0.8109375 0.084375 0.075
0 0.4328125 0.69140625 0.1203125 0.103125
0 0.496875 0.52109375 0.1234375 0.0921875
0 0.4734375 0.575 0.115625 0.0703125
0 0.59296875 0.58359375 0.0921875 0.0921875
0 0.8734375 0.06640625 0.09375 0.065625
0 0.39140625 0.8046875 0.11875 0.090625
0 0.871875 0.0296875 0.078125 0.059375