0 0.49921875 0.5640625 0.0359375 0.0484375
0 0.51875 0.57109375 0.0390625 0.034375
0 0.57890625 0.4609375 0.0265625 0.040625
0 0.57265625 0.3421875 0.0375 0.04375
0 0.6109375 0.43203125 0.0328125 0.0375
0 0.56640625 0.51171875 0.028125 0.0359375
0 0.57265625 0.56796875 0.028125 0.0375
0 0.5984375 0.57890625 0.03125 0.0375
0 0.5953125 0.53359375 0.028125 0.0359375
0 0.56640625 0.3796875 0.03125 0.0328125
0 0.54140625 0.48125 0.03125 0.03125
0 0.55859375 0.41484375 0.0234375 0.0375
0 0.5515625 0.575 0.03125 0.0359375
0 0.5984375 0.3953125 0.028125 0.0359375
0 0.59609375 0.509375 0.034375 0.034375
0 0.6453125 0.16484375 0.034375 0.0484375
0 0.62890625 0.1109375 0.034375 0.0375
0 0.59453125 0.240625 0.0296875 0.040625
0 0.53125 0.3 0.0234375 0.0296875
0 0.56875 0.221875 0.028125 0.0359375
0 0.5 0.2625 0.028125 0.0359375
0 0.565625 0.28828125 0.034375 0.0375
0 0.49921875 0.3546875 0.0296875 0.040625
0 0.4765625 0.38046875 0.0234375 0.0359375
0 0.4828125 0.34296875 0.0265625 0.0265625
0 0.4625 0.38046875 0.0234375 0.03125
0 0.503125 0.31953125 0.028125 0.0359375
0 0.4671875 0.27265625 0.025 0.034375
0 0.49921875 0.23125 0.0265625 0.0328125
0 0.36640625 0.49609375 0.0234375 0.025
0 0.35390625 0.46875 0.0234375 0.03125
0 0.275 0.46328125 0.0265625 0.0328125
0 0.3328125 0.60390625 0.0234375 0.0296875
0 0.35078125 0.490625 0.0265625 0.0328125
0 0.259375 0.57421875 0.028125 0.0359375
0 0.3296875 0.46171875 0.0234375 0.0359375
0 0.334375 0.4421875 0.03125 0.0328125
0 0.30625 0.4421875 0.0359375 0.04375
0 0.4421875 0.4953125 0.025 0.0375