0 0.66640625 0.21328125 0.0734375 0.071875
0 0.66328125 0.30859375 0.0734375 0.053125
0 0.39609375 0.36328125 0.065625 0.0484375
0 0.40703125 0.28984375 0.0640625 0.0515625
0 0.259375 0.27421875 0.075 0.0546875
0 0.25078125 0.309375 0.065625 0.05625
0 0.3109375 0.21640625 0.065625 0.053125
0 0.35234375 0.43515625 0.0609375 0.040625
0 0.37734375 0.2625 0.059375 0.0484375
0 0.375 0.31328125 0.0546875 0.0546875
0 0.33984375 0.36171875 0.0609375 0.0515625
0 0.33203125 0.27578125 0.0578125 0.046875
0 0.34609375 0.39296875 0.05 0.0453125