0 0.67265625 0.3515625 0.05 0.059375
0 0.6671875 0.384375 0.0453125 0.046875
0 0.7546875 0.3015625 0.04375 0.059375
0 0.8328125 0.34296875 0.0578125 0.059375
0 0.71875 0.2890625 0.0390625 0.05
0 0.5765625 0.73125 0.0515625 0.065625
0 0.63671875 0.4484375 0.0578125 0.0703125
0 0.61796875 0.509375 0.0546875 0.0734375
0 0.6421875 0.5171875 0.0515625 0.0625
0 0.578125 0.61953125 0.0640625 0.071875
0 0.42734375 0.621875 0.0453125 0.0515625
0 0.4546875 0.61953125 0.05 0.0640625
0 0.48984375 0.60859375 0.0546875 0.065625
0 0.51328125 0.83671875 0.06875 0.078125
0 0.44921875 0.7140625 0.0484375 0.065625
0 0.25390625 0.68984375 0.05 0.0640625
0 0.26796875 0.69765625 0.0421875 0.05625
0 0.38984375 0.8203125 0.0484375 0.065625
0 0.3359375 0.69765625 0.0453125 0.0578125
0 0.33203125 0.803125 0.0515625 0.0640625
0 0.103125 0.5796875 0.0484375 0.0609375
0 0.40625 0.92421875 0.053125 0.06875
0 0.509375 0.93125 0.046875 0.0578125
0 0.209375 0.68359375 0.046875 0.05625
0 0.14375 0.71875 0.05 0.0671875
0 0.09453125 0.72734375 0.04375 0.0515625
0 0.56015625 0.25234375 0.040625 0.05
0 0.3171875 0.53515625 0.05625 0.078125
0 0.17109375 0.38671875 0.05 0.059375
0 0.190625 0.35859375 0.046875 0.0578125
0 0.47734375 0.515625 0.053125 0.0671875
0 0.46953125 0.2265625 0.0515625 0.0625
0 0.2859375 0.8140625 0.0421875 0.0546875
0 0.0453125 0.4703125 0.06875 0.084375
0 0.3765625 0.33359375 0.053125 0.0734375
0 0.396875 0.31953125 0.0578125 0.0703125
0 0.3953125 0.49296875 0.0546875 0.078125