2 0.59765625 0.57421875 0.040625 0.0328125
2 0.6609375 0.5984375 0.034375 0.0234375
2 0.68203125 0.53203125 0.028125 0.0234375
2 0.5921875 0.48671875 0.0328125 0.0296875
2 0.52890625 0.4625 0.0265625 0.021875
2 0.5796875 0.52578125 0.028125 0.0265625
2 0.6203125 0.53359375 0.0296875 0.028125
2 0.4015625 0.409375 0.0421875 0.0296875
2 0.30390625 0.40625 0.0390625 0.03125
2 0.48828125 0.56796875 0.040625 0.028125
2 0.340625 0.509375 0.03125 0.021875
2 0.44140625 0.534375 0.0265625 0.01875
2 0.44453125 0.5234375 0.0265625 0.0234375
2 0.26953125 0.45234375 0.0328125 0.025
2 0.48984375 0.49375 0.0390625 0.025
2 0.38046875 0.52109375 0.034375 0.028125
2 0.52265625 0.553125 0.0390625 0.0296875
2 0.5125 0.44140625 0.034375 0.025
2 0.50078125 0.44140625 0.0328125 0.025
2 0.55078125 0.48203125 0.0328125 0.025
2 0.55703125 0.49453125 0.0390625 0.025
2 0.6234375 0.47578125 0.0265625 0.0203125
2 0.65625 0.528125 0.03125 0.0234375
2 0.54921875 0.46640625 0.0328125 0.028125
2 0.35390625 0.54921875 0.0359375 0.028125
2 0.44375 0.49375 0.04375 0.0296875
2 0.41796875 0.4609375 0.025 0.021875
2 0.39296875 0.48671875 0.040625 0.0296875
2 0.53359375 0.94765625 0.0390625 0.0296875
2 0.53515625 0.96796875 0.0390625 0.028125
2 0.53203125 0.97734375 0.0359375 0.0203125
2 0.27421875 0.515625 0.053125 0.0421875