2 0.29765625 0.53359375 0.09296875 0.07734375
2 0.08515625 0.6703125 0.1 0.071875
2 0.0734375 0.63671875 0.09296875 0.0671875
2 0.19296875 0.59765625 0.09296875 0.071875
2 0.1875 0.56171875 0.096875 0.071875
2 0.2859375 0.50234375 0.1 0.0671875
2 0.378125 0.48203125 0.06171875 0.07734375
2 0.42109375 0.45078125 0.06953125 0.07734375
2 0.72421875 0.309375 0.08125 0.0828125
2 0.4921875 0.41015625 0.08125 0.0875
2 0.47109375 0.35546875 0.08515625 0.071875
2 0.7875 0.265625 0.07734375 0.0875
2 0.76796875 0.20859375 0.06171875 0.0671875