1 0.3171875 0.7375 0.0890625 0.059375
1 0.41796875 0.5890625 0.0828125 0.05625
1 0.54765625 0.59609375 0.0828125 0.0515625
1 0.5265625 0.628125 0.0828125 0.0515625
1 0.51953125 0.6671875 0.1 0.059375
1 0.6578125 0.56328125 0.0875 0.04375
1 0.4703125 0.71875 0.08125 0.040625
1 0.446875 0.74609375 0.0765625 0.0453125
1 0.4921875 0.77265625 0.084375 0.053125
1 0.60625 0.753125 0.1015625 0.05625
1 0.6265625 0.790625 0.0953125 0.0578125
1 0.72109375 0.83125 0.1140625 0.065625
1 0.765625 0.8203125 0.10625 0.0625
1 0.80078125 0.80390625 0.0515625 0.040625
1 0.7640625 0.75859375 0.1140625 0.0796875
1 0.7671875 0.7078125 0.0953125 0.0515625
1 0.740625 0.67421875 0.0890625 0.046875
1 0.690625 0.6828125 0.0703125 0.0390625
1 0.70625 0.6546875 0.0625 0.05625
1 0.82265625 0.65625 0.090625 0.06875
1 0.78984375 0.61875 0.059375 0.034375
1 0.846875 0.59765625 0.08125 0.065625
1 0.45390625 0.503125 0.065625 0.0359375
1 0.253125 0.30703125 0.071875 0.0390625
1 0.4046875 0.25703125 0.05625 0.046875
1 0.509375 0.19375 0.0890625 0.0484375
1 0.3625 0.27421875 0.0765625 0.053125
1 0.353125 0.303125 0.078125 0.0515625
1 0.4625 0.31640625 0.0734375 0.05
1 0.54453125 0.296875 0.0609375 0.0515625
1 0.5328125 0.346875 0.071875 0.0421875
1 0.67734375 0.19296875 0.084375 0.05625
1 0.75859375 0.20234375 0.078125 0.0671875
1 0.771875 0.23671875 0.065625 0.0390625
1 0.79453125 0.25703125 0.0828125 0.0484375
1 0.71796875 0.27421875 0.0953125 0.053125
1 0.6546875 0.33125 0.0828125 0.05625
1 0.69375 0.47421875 0.071875 0.0390625
1 0.76875 0.46796875 0.08125 0.0375
1 0.759375 0.45078125 0.0609375 0.0453125
1 0.7625 0.39765625 0.0671875 0.046875
1 0.834375 0.41875 0.078125 0.0453125
1 0.69921875 0.38515625 0.10625 0.0609375
1 0.71484375 0.34453125 0.0875 0.0734375
1 0.84375 0.32109375 0.075 0.078125
1 0.8859375 0.41640625 0.06875 0.0609375
1 0.9078125 0.46875 0.05625 0.0453125
1 0.91484375 0.55390625 0.05625 0.04375
1 0.88671875 0.3390625 0.0375 0.0359375
1 0.88203125 0.3734375 0.075 0.0609375