1 0.54765625 0.14921875 0.1125 0.15625
1 0.26328125 0.34140625 0.1015625 0.11875
1 0.303125 0.3984375 0.1140625 0.146875
1 0.27734375 0.48984375 0.0890625 0.1265625
1 0.61484375 0.4390625 0.0875 0.1421875
1 0.61015625 0.51796875 0.0953125 0.153125
1 0.67578125 0.60234375 0.103125 0.1375
1 0.64453125 0.6875 0.1 0.11875
1 0.4078125 0.58203125 0.0859375 0.1265625
1 0.353125 0.62421875 0.0921875 0.1203125
1 0.42890625 0.7015625 0.0859375 0.1046875
1 0.56015625 0.54375 0.0828125 0.0890625
1 0.50234375 0.5859375 0.0859375 0.1046875
1 0.46484375 0.61328125 0.0828125 0.1109375
1 0.57421875 0.75703125 0.0859375 0.1265625
1 0.49296875 0.7453125 0.08125 0.125