0 0.25390625 0.72265625 0.0609375 0.0625
0 0.346875 0.69921875 0.04140625 0.06796875
0 0.34453125 0.4265625 0.0375 0.0578125
0 0.275 0.453125 0.04140625 0.0578125
0 0.22890625 0.31171875 0.04140625 0.06796875
0 0.26171875 0.29609375 0.0453125 0.0578125
0 0.18359375 0.37421875 0.04140625 0.0578125
0 0.40546875 0.36875 0.03046875 0.0578125
0 0.2421875 0.4296875 0.0375 0.05234375
0 0.29140625 0.41640625 0.0453125 0.046875
0 0.33125 0.371875 0.04140625 0.05234375
0 0.24609375 0.38203125 0.0375 0.05234375
0 0.36328125 0.371875 0.0375 0.0421875