0 0.70390625 0.72890625 0.065625 0.09375
0 0.53984375 0.8 0.08125 0.1265625
0 0.60703125 0.93359375 0.0671875 0.084375
0 0.359375 0.93515625 0.071875 0.0953125
0 0.4109375 0.59375 0.0890625 0.096875
0 0.428125 0.721875 0.0609375 0.1140625
0 0.85 0.74140625 0.065625 0.0875
0 0.7046875 0.94765625 0.0390625 0.0609375
0 0.92734375 0.78671875 0.059375 0.0734375
0 0.91796875 0.84296875 0.0453125 0.0515625
0 0.90546875 0.6953125 0.075 0.075
0 0.84921875 0.13515625 0.0546875 0.0640625
0 0.87421875 0.21171875 0.046875 0.0609375
0 0.946875 0.43046875 0.0515625 0.0828125
0 0.8109375 0.58828125 0.0578125 0.0625
0 0.75859375 0.5859375 0.05625 0.0828125
0 0.83046875 0.5046875 0.0765625 0.090625
0 0.671875 0.45390625 0.0734375 0.0953125
0 0.72734375 0.409375 0.0546875 0.08125
0 0.82578125 0.321875 0.0515625 0.0765625
0 0.79921875 0.31328125 0.04375 0.0765625
0 0.36875 0.1171875 0.0390625 0.05625
0 0.3234375 0.134375 0.065625 0.09375
0 0.1421875 0.3953125 0.0546875 0.0640625
0 0.2484375 0.64921875 0.0625 0.103125
0 0.1265625 0.74375 0.0578125 0.06875
0 0.24140625 0.3671875 0.0609375 0.084375
0 0.38125 0.49921875 0.0640625 0.078125
0 0.30859375 0.5015625 0.05 0.0734375
0 0.546875 0.3640625 0.071875 0.1140625
0 0.35859375 0.3109375 0.0734375 0.0734375
0 0.509375 0.19921875 0.071875 0.0796875
0 0.48984375 0.27734375 0.0875 0.0875
0 0.63828125 0.33515625 0.05625 0.071875
0 0.45 0.4671875 0.0625 0.0984375
0 0.51953125 0.48671875 0.0703125 0.0703125
0 0.64375 0.51796875 0.0703125 0.075
0 0.67890625 0.55703125 0.0609375 0.0875
0 0.48203125 0.39296875 0.0625 0.078125