2 0.47890625 0.0484375 0.05546875 0.078125
2 0.48046875 0.2671875 0.04296875 0.06484375
2 0.50859375 0.26953125 0.03828125 0.06015625
2 0.5234375 0.32265625 0.06015625 0.06484375
2 0.44453125 0.40546875 0.046875 0.05546875
2 0.52578125 0.40546875 0.03828125 0.04609375
2 0.45078125 0.9375 0.0515625 0.05078125
2 0.7234375 0.5625 0.046875 0.04609375
2 0.5453125 0.50234375 0.0515625 0.05546875
2 0.56875 0.65234375 0.046875 0.06875
2 0.5515625 0.5578125 0.03828125 0.04609375
2 0.575 0.703125 0.0515625 0.05078125
2 0.58984375 0.75546875 0.03828125 0.05546875
2 0.60078125 0.91953125 0.04296875 0.05078125