1 0.25078125 0.89765625 0.1296875 0.1046875
1 0.38125 0.71484375 0.103125 0.084375
1 0.14765625 0.64609375 0.084375 0.059375
1 0.23515625 0.2671875 0.1078125 0.08125
1 0.2 0.22734375 0.1 0.0765625
1 0.42109375 0.634375 0.128125 0.0828125
1 0.26796875 0.5890625 0.096875 0.08125
1 0.3953125 0.46484375 0.1046875 0.0890625
1 0.59453125 0.5671875 0.103125 0.084375
1 0.74765625 0.54609375 0.121875 0.096875
1 0.70859375 0.37734375 0.1203125 0.1015625
1 0.85546875 0.434375 0.11875 0.0828125
1 0.4734375 0.31171875 0.1421875 0.1078125
1 0.3296875 0.03984375 0.11875 0.0796875
1 0.7640625 0.2671875 0.084375 0.071875