2 0.08359375 0.471875 0.06640625 0.10078125
2 0.12734375 0.43046875 0.06640625 0.08203125
2 0.296875 0.528125 0.09140625 0.10078125
2 0.36328125 0.56953125 0.09140625 0.15703125
2 0.465625 0.60078125 0.08203125 0.14453125
2 0.5265625 0.528125 0.09140625 0.11328125
2 0.59921875 0.46875 0.10390625 0.13203125
2 0.58359375 0.55625 0.07890625 0.10703125
2 0.64140625 0.553125 0.05 0.07578125
2 0.6984375 0.525 0.08203125 0.11953125
2 0.81640625 0.5 0.08515625 0.11953125
2 0.771875 0.38359375 0.08515625 0.11328125