2 0.2 0.1390625 0.0515625 0.0625
2 0.20703125 0.184375 0.053125 0.0609375
2 0.23984375 0.16171875 0.0453125 0.05
2 0.221875 0.215625 0.05 0.05
2 0.24140625 0.2375 0.0453125 0.0484375
2 0.25859375 0.1859375 0.0515625 0.05625
2 0.2796875 0.1984375 0.04375 0.053125
2 0.29921875 0.2125 0.053125 0.0609375
2 0.83515625 0.83125 0.059375 0.078125
2 0.96796875 0.58125 0.0640625 0.06875
2 0.55625 0.41484375 0.0421875 0.05
2 0.57265625 0.428125 0.040625 0.04375
2 0.6359375 0.45859375 0.04375 0.0546875
2 0.67265625 0.46953125 0.0578125 0.0578125
2 0.7421875 0.5015625 0.0359375 0.0421875
2 0.7140625 0.49296875 0.0328125 0.040625
2 0.70546875 0.52734375 0.0703125 0.0609375
2 0.43984375 0.42734375 0.0421875 0.0484375
2 0.45625 0.43828125 0.0421875 0.05
2 0.475 0.44375 0.0421875 0.05