2 0.42578125 0.89609375 0.1078125 0.090625
2 0.2765625 0.91171875 0.0859375 0.0796875
2 0.73203125 0.51796875 0.0828125 0.071875
2 0.79921875 0.36640625 0.075 0.0640625
2 0.72890625 0.88984375 0.090625 0.078125
2 0.62890625 0.903125 0.078125 0.0578125
2 0.50546875 0.4921875 0.0796875 0.059375
2 0.425 0.48984375 0.0796875 0.0640625
2 0.309375 0.615625 0.084375 0.0640625
2 0.6828125 0.19296875 0.078125 0.0578125
2 0.85 0.23984375 0.065625 0.0578125
2 0.0828125 0.525 0.084375 0.071875
2 0.11640625 0.390625 0.078125 0.06875
2 0.0828125 0.60703125 0.0984375 0.0734375
2 0.9046875 0.56640625 0.0796875 0.071875