0 0.74765625 0.39921875 0.04765625 0.0875
0 0.83125 0.23203125 0.03984375 0.08203125
0 0.790625 0.153125 0.03984375 0.0875
0 0.8 0.05703125 0.03671875 0.07109375
0 0.8421875 0.05703125 0.04765625 0.08203125
0 0.64765625 0.6390625 0.04375 0.0875
0 0.60390625 0.6390625 0.05078125 0.0875
0 0.621875 0.584375 0.04375 0.0765625
0 0.56328125 0.5515625 0.05078125 0.0765625
0 0.59296875 0.51640625 0.03671875 0.07109375
0 0.6015625 0.478125 0.03984375 0.06015625
0 0.63828125 0.35234375 0.03984375 0.08203125
0 0.51640625 0.13671875 0.03671875 0.0765625
0 0.4875 0.14453125 0.03671875 0.07109375
0 0.48359375 0.3828125 0.04375 0.0765625
0 0.4 0.89609375 0.03671875 0.065625
0 0.39296875 0.7734375 0.04375 0.07109375
0 0.3578125 0.88515625 0.04765625 0.065625
0 0.3546875 0.83359375 0.03984375 0.06015625
0 0.26875 0.71875 0.04375 0.07109375
0 0.2984375 0.64765625 0.03671875 0.07109375
0 0.21796875 0.675 0.04375 0.08203125
0 0.21640625 0.540625 0.03984375 0.065625
0 0.17265625 0.4921875 0.0328125 0.065625
0 0.265625 0.41015625 0.05078125 0.065625
0 0.20390625 0.325 0.05078125 0.07109375