0 0.13203125 0.39921875 0.0375 0.0390625
0 0.20078125 0.525 0.0328125 0.0375
0 0.1953125 0.38125 0.0328125 0.034375
0 0.21875 0.459375 0.0359375 0.0375
0 0.31796875 0.37578125 0.0375 0.0421875
0 0.3375 0.29765625 0.0421875 0.0421875
0 0.53515625 0.32421875 0.04375 0.04375
0 0.5203125 0.26484375 0.0328125 0.0375
0 0.41796875 0.19765625 0.0359375 0.0390625
0 0.509375 0.9796875 0.0375 0.040625
0 0.54296875 0.9578125 0.0390625 0.0390625
0 0.6265625 0.89921875 0.0421875 0.0375
0 0.49296875 0.96875 0.0375 0.0328125
0 0.70625 0.86640625 0.0484375 0.04375
0 0.63359375 0.86796875 0.0375 0.0328125
0 0.59609375 0.87890625 0.0328125 0.0359375
0 0.74453125 0.88125 0.0328125 0.034375
0 0.79296875 0.89140625 0.028125 0.0375
0 0.5515625 0.90390625 0.0484375 0.040625
0 0.6359375 0.840625 0.0421875 0.0375
0 0.59140625 0.859375 0.0484375 0.040625
0 0.303125 0.49921875 0.0375 0.0390625
0 0.54921875 0.25078125 0.0359375 0.034375
0 0.53515625 0.2625 0.04375 0.0390625
0 0.58125 0.26015625 0.0375 0.0359375