0 0.6734375 0.33359375 0.04921875 0.07890625
0 0.6875 0.234375 0.06328125 0.0734375
0 0.5875 0.40078125 0.0734375 0.090625
0 0.57578125 0.709375 0.0421875 0.084375
0 0.54375 0.64140625 0.04921875 0.0734375
0 0.303125 0.28515625 0.0453125 0.0734375
0 0.271875 0.503125 0.03828125 0.07890625
0 0.2578125 0.45234375 0.0453125 0.05625
0 0.24765625 0.4859375 0.05234375 0.06796875
0 0.34375 0.46015625 0.04921875 0.0734375
0 0.3 0.38671875 0.0453125 0.0734375
0 0.49140625 0.2234375 0.04921875 0.0734375
0 0.4421875 0.2484375 0.05625 0.1015625
0 0.39140625 0.4828125 0.0453125 0.0734375
0 0.41015625 0.46328125 0.0421875 0.07890625
0 0.47890625 0.77109375 0.0453125 0.0734375
0 0.403125 0.87578125 0.03515625 0.07890625
0 0.45078125 0.821875 0.0453125 0.084375
0 0.3734375 0.9265625 0.03828125 0.06796875
0 0.4546875 0.8953125 0.03828125 0.0734375
0 0.50703125 0.5171875 0.0453125 0.0625
0 0.51953125 0.39296875 0.04921875 0.05078125
0 0.628125 0.29921875 0.0703125 0.06796875
0 0.5265625 0.4265625 0.04921875 0.0625
0 0.58984375 0.321875 0.04921875 0.06796875
0 0.36640625 0.3671875 0.03125 0.090625
0 0.4015625 0.66953125 0.03125 0.05078125
0 0.9578125 0.11328125 0.05625 0.07890625
0 0.828125 0.15546875 0.03515625 0.0625