1 0.63984375 0.353125 0.065625 0.053125
1 0.878125 0.26015625 0.07734375 0.046875
1 0.88671875 0.225 0.08359375 0.04296875
1 0.36328125 0.63671875 0.10703125 0.03984375
1 0.746875 0.6234375 0.07734375 0.03984375
1 0.1515625 0.74296875 0.0890625 0.046875
1 0.26171875 0.778125 0.10703125 0.05
1 0.1578125 0.80859375 0.065625 0.04296875
1 0.2265625 0.8296875 0.08359375 0.046875
1 0.4078125 0.803125 0.1015625 0.06015625
1 0.375 0.853125 0.0953125 0.046875
1 0.36640625 0.8796875 0.0890625 0.046875
1 0.41953125 0.91328125 0.065625 0.046875
1 0.49375 0.9 0.08359375 0.03984375
1 0.63671875 0.76171875 0.0953125 0.06328125
1 0.7109375 0.83671875 0.065625 0.046875
1 0.79140625 0.78984375 0.0953125 0.046875
1 0.86640625 0.81640625 0.0890625 0.046875
1 0.7765625 0.88984375 0.05390625 0.046875
1 0.8421875 0.88828125 0.07734375 0.04296875
1 0.42890625 0.18203125 0.10703125 0.03671875
1 0.690625 0.16015625 0.0953125 0.03359375