2 0.1375 0.76640625 0.1578125 0.1125
2 0.309375 0.7484375 0.1625 0.1203125
2 0.3234375 0.62578125 0.1859375 0.1265625
2 0.52109375 0.59375 0.1375 0.1125
2 0.4390625 0.6859375 0.1046875 0.084375
2 0.39453125 0.7703125 0.08125 0.0671875
2 0.06484375 0.86484375 0.065625 0.08125
2 0.346875 0.56640625 0.15625 0.0875
2 0.43984375 0.48984375 0.18125 0.1328125
2 0.38125 0.8234375 0.096875 0.06875
2 0.32578125 0.96015625 0.1078125 0.0796875
2 0.328125 0.93046875 0.075 0.065625
2 0.83828125 0.5671875 0.1046875 0.0875
2 0.7625 0.534375 0.1203125 0.0890625
2 0.878125 0.50703125 0.096875 0.08125
2 0.66875 0.4765625 0.184375 0.146875
2 0.421875 0.4421875 0.159375 0.078125
2 0.88984375 0.3171875 0.1203125 0.1078125
2 0.82265625 0.0484375 0.1421875 0.096875
2 0.92890625 0.18046875 0.078125 0.08125
2 0.77109375 0.32578125 0.1625 0.14375
2 0.63125 0.371875 0.1796875 0.1328125
2 0.68515625 0.30625 0.11875 0.0828125
2 0.71328125 0.23984375 0.1578125 0.09375
2 0.85859375 0.171875 0.13125 0.1125
2 0.840625 0.134375 0.134375 0.0875
2 0.8921875 0.0859375 0.1171875 0.075
2 0.25234375 0.4078125 0.178125 0.1625