2 0.11640625 0.26875 0.1 0.0609375
2 0.2515625 0.2859375 0.0703125 0.053125
2 0.09453125 0.1546875 0.071875 0.0484375
2 0.42890625 0.38359375 0.0765625 0.05
2 0.21328125 0.24921875 0.0609375 0.0421875
2 0.2546875 0.24609375 0.0671875 0.046875
2 0.15625 0.19921875 0.06875 0.0421875
2 0.31875 0.30390625 0.0765625 0.05
2 0.35546875 0.33203125 0.065625 0.0515625
2 0.4609375 0.41015625 0.0671875 0.0453125
2 0.38203125 0.36640625 0.078125 0.05625
2 0.44609375 0.4296875 0.078125 0.05
2 0.478125 0.45625 0.065625 0.05
2 0.49765625 0.4359375 0.0671875 0.0578125
2 0.50078125 0.48203125 0.0828125 0.0515625
2 0.57578125 0.54609375 0.0828125 0.05625
2 0.68203125 0.60625 0.078125 0.0515625
2 0.71171875 0.63828125 0.071875 0.05
2 0.7484375 0.6640625 0.071875 0.0609375
2 0.80546875 0.74296875 0.078125 0.0609375