0 0.3828125 0.4109375 0.0484375 0.0859375
0 0.33984375 0.29609375 0.03125 0.0515625
0 0.4484375 0.63203125 0.02734375 0.0578125
0 0.3171875 0.41640625 0.02734375 0.0515625
0 0.34453125 0.57734375 0.0484375 0.075
0 0.42421875 0.77578125 0.02734375 0.0578125
0 0.44140625 0.8046875 0.04140625 0.04609375
0 0.4359375 0.8421875 0.04453125 0.0515625
0 0.47578125 0.79296875 0.02734375 0.034375
0 0.50859375 0.79609375 0.04453125 0.06328125
0 0.5171875 0.75546875 0.034375 0.0515625
0 0.54140625 0.72421875 0.04140625 0.0578125
0 0.56015625 0.75859375 0.0515625 0.0578125
0 0.634375 0.6296875 0.04140625 0.075
0 0.65703125 0.5859375 0.03125 0.0578125
0 0.72578125 0.56328125 0.02421875 0.04609375
0 0.84453125 0.4625 0.0484375 0.0515625
0 0.8328125 0.5 0.03828125 0.04609375
0 0.93984375 0.325 0.03828125 0.0515625
0 0.8796875 0.3734375 0.034375 0.0578125
0 0.91875 0.33359375 0.03828125 0.04609375
0 0.94140625 0.3796875 0.034375 0.0578125