1 0.2671875 0.76640625 0.0578125 0.0390625
1 0.18671875 0.790625 0.05625 0.034375
1 0.1734375 0.76796875 0.0640625 0.0390625
1 0.06796875 0.74140625 0.0640625 0.0421875
1 0.15 0.67421875 0.05625 0.0359375
1 0.1125 0.68125 0.0515625 0.0375
1 0.615625 0.81328125 0.0578125 0.0375
1 0.19765625 0.5375 0.05 0.0328125
1 0.2171875 0.54765625 0.0625 0.034375
1 0.55546875 0.96640625 0.05625 0.034375
1 0.45703125 0.9703125 0.05 0.03125
1 0.42421875 0.9640625 0.05625 0.034375
1 0.65703125 0.921875 0.0578125 0.0375
1 0.7453125 0.91640625 0.05625 0.0328125
1 0.3953125 0.91796875 0.05 0.028125
1 0.41796875 0.8890625 0.03125 0.028125
1 0.38125 0.90625 0.0390625 0.0265625
1 0.56015625 0.859375 0.0359375 0.0203125
1 0.546875 0.87109375 0.0453125 0.0296875
1 0.3515625 0.85078125 0.03125 0.0265625
1 0.33203125 0.85625 0.0375 0.03125
1 0.34453125 0.9171875 0.034375 0.0296875
1 0.82265625 0.78046875 0.0359375 0.021875
1 0.7625 0.778125 0.0375 0.0234375
1 0.7359375 0.76015625 0.0375 0.0296875
1 0.88515625 0.71875 0.0390625 0.028125
1 0.846875 0.703125 0.05 0.034375
1 0.76015625 0.703125 0.05625 0.034375
1 0.78046875 0.68203125 0.04375 0.028125
1 0.75390625 0.6625 0.04375 0.03125
1 0.6875 0.5875 0.04375 0.03125
1 0.7421875 0.53828125 0.0390625 0.028125
1 0.8109375 0.57109375 0.046875 0.0375
1 0.78359375 0.56875 0.0390625 0.0296875
1 0.81015625 0.51015625 0.0375 0.028125
1 0.83984375 0.52890625 0.0578125 0.0375
1 0.68515625 0.51484375 0.0390625 0.0234375
1 0.64453125 0.45 0.0515625 0.0296875
1 0.56328125 0.446875 0.0453125 0.028125
1 0.353125 0.48046875 0.04375 0.028125
1 0.33515625 0.46328125 0.0515625 0.03125
1 0.2875 0.4453125 0.0546875 0.0265625
1 0.3265625 0.42421875 0.04375 0.0296875
1 0.2609375 0.41015625 0.05 0.03125
1 0.1125 0.434375 0.0453125 0.0296875
1 0.0390625 0.44375 0.0515625 0.0390625
1 0.06484375 0.42109375 0.05 0.03125
1 0.04609375 0.3765625 0.0515625 0.03125
1 0.00859375 0.384375 0.0171875 0.025
1 0.275 0.309375 0.05 0.0296875
1 0.28125 0.38828125 0.0375 0.03125
1 0.32265625 0.38203125 0.0390625 0.03125
1 0.365625 0.3703125 0.04375 0.0296875
1 0.403125 0.43828125 0.05 0.03125
1 0.41640625 0.4265625 0.0453125 0.028125
1 0.41171875 0.3765625 0.0515625 0.0296875
1 0.4453125 0.34453125 0.04375 0.03125
1 0.06875 0.32890625 0.0640625 0.0390625
1 0.33125 0.34140625 0.04375 0.028125
1 0.36171875 0.3078125 0.05625 0.034375
1 0.2296875 0.28515625 0.040625 0.0328125
1 0.33046875 0.28046875 0.0625 0.0328125
1 0.38125 0.27890625 0.0453125 0.0359375
1 0.21328125 0.24296875 0.05625 0.0296875
1 0.18671875 0.2234375 0.05625 0.0328125
1 0.340625 0.2484375 0.0453125 0.028125
1 0.39765625 0.23359375 0.04375 0.0328125
1 0.3640625 0.22578125 0.0515625 0.0359375
1 0.296875 0.21953125 0.0515625 0.034375
1 0.24921875 0.20390625 0.05625 0.034375
1 0.25078125 0.17578125 0.04375 0.025
1 0.3078125 0.1765625 0.05 0.0328125
1 0.28671875 0.1546875 0.0515625 0.03125
1 0.26953125 0.1453125 0.04375 0.034375
1 0.2296875 0.159375 0.0453125 0.0328125
1 0.190625 0.115625 0.05 0.03125
1 0.13046875 0.11484375 0.05 0.03125
1 0.2703125 0.0671875 0.05625 0.034375
1 0.40390625 0.196875 0.0453125 0.028125
1 0.37734375 0.140625 0.05625 0.03125
1 0.3671875 0.115625 0.0453125 0.0296875
1 0.44765625 0.22265625 0.0515625 0.034375
1 0.26640625 0.04296875 0.0421875 0.0234375
1 0.46640625 0.153125 0.0515625 0.03125
1 0.50390625 0.034375 0.04375 0.025
1 0.55859375 0.24453125 0.05 0.025
1 0.55 0.30546875 0.05 0.0265625
1 0.58125 0.27265625 0.05 0.028125
1 0.59140625 0.28125 0.0453125 0.028125
1 0.796875 0.18359375 0.05625 0.03125
1 0.51640625 0.2015625 0.05 0.0296875
1 0.55859375 0.34140625 0.04375 0.0328125
1 0.5953125 0.34765625 0.03125 0.0203125
1 0.6765625 0.309375 0.0515625 0.0296875
1 0.56640625 0.3890625 0.0421875 0.0234375
1 0.6078125 0.3671875 0.0515625 0.0296875
1 0.61484375 0.4125 0.05 0.0234375
1 0.646875 0.41015625 0.04375 0.03125
1 0.65390625 0.36015625 0.0390625 0.0265625
1 0.70078125 0.34765625 0.0484375 0.0234375
1 0.89765625 0.09921875 0.05625 0.03125
1 0.703125 0.4171875 0.0453125 0.025
1 0.68359375 0.40859375 0.0421875 0.0234375
1 0.6953125 0.3890625 0.05 0.025
1 0.7625 0.4359375 0.0375 0.0203125
1 0.753125 0.45546875 0.05 0.0234375
1 0.821875 0.44921875 0.0546875 0.0265625
1 0.784375 0.47890625 0.04375 0.028125
1 0.78359375 0.38046875 0.0375 0.0265625
1 0.75859375 0.37578125 0.05 0.03125
1 0.7453125 0.3265625 0.0515625 0.0296875
1 0.775 0.31015625 0.04375 0.0265625
1 0.753125 0.3015625 0.05 0.03125
1 0.684375 0.26328125 0.04375 0.028125
1 0.703125 0.26796875 0.0453125 0.0265625
1 0.5171875 0.40078125 0.025 0.025
1 0.5296875 0.40390625 0.0390625 0.0234375