1 0.08125 0.21640625 0.1625 0.1828125
1 0.20390625 0.2875 0.2765625 0.1859375
1 0.49140625 0.16640625 0.2734375 0.18125
1 0.69609375 0.06953125 0.2828125 0.1390625
1 0.7515625 0.225 0.303125 0.1515625
1 0.79140625 0.30390625 0.275 0.184375
1 0.94609375 0.45625 0.1078125 0.121875
1 0.32109375 0.41953125 0.2921875 0.1625
1 0.32265625 0.515625 0.2625 0.15625
1 0.32578125 0.58203125 0.278125 0.165625
1 0.496875 0.525 0.2703125 0.1734375
1 0.659375 0.51484375 0.2578125 0.184375
1 0.65625 0.60859375 0.2890625 0.1734375
1 0.62578125 0.71796875 0.2875 0.2140625
1 0.415625 0.74609375 0.2984375 0.1859375
1 0.22265625 0.728125 0.284375 0.175
1 0.24453125 0.86796875 0.275 0.1828125
1 0.33671875 0.928125 0.2984375 0.14375
1 0.1734375 0.9640625 0.15 0.071875
1 0.0796875 0.66171875 0.1234375 0.10625
1 0.0265625 0.3625 0.053125 0.09375