0 0.1046875 0.36953125 0.04375 0.059375
0 0.31640625 0.3765625 0.053125 0.059375
0 0.2421875 0.2671875 0.0578125 0.05625
0 0.496875 0.7125 0.05625 0.0703125
0 0.4671875 0.696875 0.0515625 0.075
0 0.53984375 0.5578125 0.040625 0.059375
0 0.528125 0.515625 0.0390625 0.059375
0 0.415625 0.5765625 0.0359375 0.0625
0 0.41484375 0.61484375 0.046875 0.053125
0 0.72734375 0.4390625 0.040625 0.053125
0 0.62421875 0.5671875 0.04375 0.065625
0 0.73828125 0.5609375 0.0328125 0.0578125
0 0.74140625 0.61328125 0.0390625 0.053125
0 0.5671875 0.12578125 0.0359375 0.046875
0 0.57734375 0.16015625 0.0359375 0.053125
0 0.5734375 0.1859375 0.0421875 0.0484375
0 0.3609375 0.065625 0.05 0.0640625
0 0.296875 0.0953125 0.0453125 0.0640625