0 0.14765625 0.86015625 0.0796875 0.0734375
0 0.1015625 0.821875 0.0484375 0.05
0 0.28203125 0.53046875 0.1140625 0.0890625
0 0.27265625 0.7796875 0.084375 0.0703125
0 0.24296875 0.7609375 0.071875 0.065625
0 0.065625 0.43828125 0.075 0.059375
0 0.03671875 0.33828125 0.065625 0.059375
0 0.14296875 0.2015625 0.059375 0.0515625
0 0.16640625 0.209375 0.0609375 0.0453125
0 0.153125 0.540625 0.0640625 0.0515625
0 0.1828125 0.6265625 0.0765625 0.0625
0 0.2078125 0.66015625 0.075 0.071875
0 0.134375 0.6390625 0.0671875 0.059375
0 0.28671875 0.60234375 0.075 0.06875
0 0.37890625 0.7203125 0.0859375 0.0765625
0 0.303125 0.65078125 0.059375 0.0578125
0 0.36953125 0.54921875 0.06875 0.06875
0 0.34375 0.590625 0.065625 0.059375
0 0.33203125 0.625 0.065625 0.059375
0 0.503125 0.9296875 0.0609375 0.0609375
0 0.4765625 0.4484375 0.0734375 0.0671875
0 0.5140625 0.45625 0.075 0.071875
0 0.346875 0.1640625 0.0796875 0.071875
0 0.3921875 0.1796875 0.0828125 0.05625
0 0.3859375 0.21015625 0.0640625 0.053125
0 0.409375 0.2296875 0.0734375 0.0546875
0 0.6234375 0.21328125 0.0796875 0.075
0 0.4140625 0.33359375 0.1046875 0.08125
0 0.47578125 0.3046875 0.065625 0.0546875
0 0.56328125 0.28984375 0.0671875 0.05625
0 0.59765625 0.2796875 0.06875 0.0546875
0 0.52265625 0.22890625 0.065625 0.046875
0 0.43203125 0.26171875 0.0625 0.0484375
0 0.55234375 0.40078125 0.0703125 0.0578125
0 0.70703125 0.43828125 0.075 0.05625
0 0.62578125 0.47265625 0.0640625 0.05
0 0.6328125 0.425 0.0671875 0.059375
0 0.64296875 0.34453125 0.06875 0.0546875
0 0.72109375 0.3296875 0.09375 0.0875
0 0.49375 0.14609375 0.0703125 0.0609375
0 0.5390625 0.32890625 0.0578125 0.053125
0 0.58984375 0.340625 0.0703125 0.0546875
0 0.484375 0.5296875 0.096875 0.0703125
0 0.53203125 0.54296875 0.0765625 0.0546875
0 0.42109375 0.5796875 0.065625 0.059375
0 0.440625 0.61328125 0.0796875 0.0609375
0 0.50703125 0.65390625 0.0828125 0.0640625
0 0.38359375 0.63984375 0.0515625 0.0453125
0 0.6625 0.71953125 0.1046875 0.078125
0 0.51875 0.76328125 0.065625 0.05625
0 0.4828125 0.71875 0.059375 0.0515625
0 0.5140625 0.69921875 0.0578125 0.059375
0 0.9015625 0.4328125 0.0765625 0.0625
0 0.98046875 0.78125 0.0390625 0.065625
0 0.9890625 0.69921875 0.021875 0.0578125
0 0.9890625 0.6578125 0.021875 0.084375
0 0.84921875 0.55078125 0.071875 0.05