0 0.89140625 0.7875 0.046875 0.0640625
0 0.49140625 0.1859375 0.046875 0.0546875
0 0.60390625 0.2578125 0.040625 0.053125
0 0.82578125 0.596875 0.04375 0.053125
0 0.78359375 0.54921875 0.0421875 0.05625
0 0.7546875 0.509375 0.0453125 0.05
0 0.73671875 0.44765625 0.0515625 0.05625
0 0.61875 0.334375 0.046875 0.0640625
0 0.65234375 0.35 0.0375 0.0515625
0 0.70234375 0.434375 0.0390625 0.046875
0 0.6796875 0.37890625 0.0375 0.04375
0 0.5671875 0.25546875 0.0421875 0.0578125
0 0.39453125 0.14453125 0.0484375 0.0515625
0 0.37578125 0.16875 0.046875 0.0546875
0 0.240625 0.36484375 0.046875 0.053125
0 0.28671875 0.28203125 0.0453125 0.05
0 0.34296875 0.2046875 0.0390625 0.046875
0 0.228125 0.41953125 0.0375 0.05625
0 0.31796875 0.2203125 0.0375 0.0515625
0 0.2734375 0.32109375 0.0328125 0.0421875
0 0.2125 0.42265625 0.034375 0.0421875
0 0.27734375 0.4015625 0.0328125 0.05