1 0.3546875 0.77890625 0.01796875 0.03828125
1 0.35625 0.715625 0.021875 0.04375
1 0.3765625 0.740625 0.01796875 0.03828125
1 0.39296875 0.7484375 0.021875 0.04375
1 0.41640625 0.71875 0.01796875 0.03828125
1 0.434375 0.7515625 0.01796875 0.03828125
1 0.49296875 0.696875 0.01796875 0.03828125
1 0.47421875 0.67734375 0.01796875 0.04375
1 0.5015625 0.7265625 0.01484375 0.04375
1 0.53984375 0.69140625 0.01796875 0.04921875
1 0.5578125 0.696875 0.01796875 0.04921875
1 0.55625 0.7265625 0.021875 0.04375
1 0.4421875 0.6609375 0.01796875 0.04375
1 0.4 0.57890625 0.021875 0.04375
1 0.4 0.54921875 0.01484375 0.03828125
1 0.4109375 0.54609375 0.01484375 0.04375
1 0.44765625 0.6171875 0.021875 0.04375
1 0.434375 0.60078125 0.01796875 0.0328125
1 0.4546875 0.60078125 0.021875 0.0328125
1 0.5671875 0.75703125 0.021875 0.03828125
1 0.5796875 0.7484375 0.0109375 0.0328125
1 0.60390625 0.696875 0.01484375 0.03828125
1 0.50703125 0.60078125 0.01796875 0.04375
1 0.5578125 0.64453125 0.02578125 0.04375
1 0.53984375 0.62265625 0.01796875 0.04375
1 0.48359375 0.61484375 0.021875 0.03828125
1 0.578125 0.63125 0.021875 0.03828125
1 0.59296875 0.65 0.021875 0.04375
1 0.5796875 0.60390625 0.01796875 0.03828125
1 0.4890625 0.540625 0.01796875 0.04375
1 0.4765625 0.52421875 0.021875 0.04375
1 0.46171875 0.521875 0.021875 0.03828125
1 0.4421875 0.53828125 0.01796875 0.03828125
1 0.4328125 0.56015625 0.021875 0.03828125
1 0.51796875 0.565625 0.01796875 0.03828125
1 0.52890625 0.5515625 0.01796875 0.0328125
1 0.50546875 0.540625 0.01484375 0.0328125
1 0.50703125 0.51640625 0.01796875 0.03828125
1 0.51796875 0.51640625 0.01796875 0.03828125
1 0.5328125 0.50546875 0.01796875 0.03828125
1 0.56171875 0.5515625 0.01796875 0.04375
1 0.5765625 0.55703125 0.01796875 0.04375
1 0.5875 0.56015625 0.01796875 0.03828125
1 0.56015625 0.51875 0.021875 0.04375
1 0.4234375 0.5078125 0.01796875 0.04375
1 0.434375 0.4890625 0.01796875 0.03828125
1 0.4453125 0.5 0.01796875 0.03828125
1 0.45234375 0.47578125 0.01796875 0.04375
1 0.5578125 0.46171875 0.01796875 0.03828125
1 0.48203125 0.415625 0.01796875 0.04375
1 0.52734375 0.4375 0.021875 0.04375
1 0.50703125 0.44296875 0.01796875 0.04375
1 0.5546875 0.4046875 0.01796875 0.04375
1 0.52578125 0.3578125 0.01796875 0.03828125
1 0.50703125 0.3609375 0.02578125 0.0328125
1 0.46015625 0.42890625 0.01796875 0.03828125
1 0.45078125 0.40703125 0.021875 0.03828125
1 0.4234375 0.4046875 0.01796875 0.0328125
1 0.4109375 0.35 0.021875 0.04375
1 0.41796875 0.3390625 0.021875 0.04375
1 0.45234375 0.3609375 0.01796875 0.04375
1 0.47109375 0.3796875 0.01796875 0.03828125
1 0.48203125 0.3796875 0.01796875 0.03828125
1 0.50390625 0.32265625 0.02578125 0.04375
1 0.47421875 0.32265625 0.01796875 0.04375
1 0.4578125 0.32265625 0.02890625 0.04375
1 0.52578125 0.3140625 0.01796875 0.04921875
1 0.53828125 0.328125 0.021875 0.04375
1 0.5671875 0.3359375 0.021875 0.03828125
1 0.48515625 0.2734375 0.01796875 0.04375
1 0.4234375 0.284375 0.01796875 0.04375
1 0.50703125 0.2734375 0.02578125 0.04375
1 0.40390625 0.27578125 0.01484375 0.03828125
1 0.45234375 0.26484375 0.02578125 0.03828125
1 0.47265625 0.26484375 0.02890625 0.03828125
1 0.5578125 0.28125 0.02578125 0.03828125
1 0.55078125 0.2734375 0.02578125 0.0328125
1 0.54375 0.24296875 0.02578125 0.03828125