1 0.81875 0.15859375 0.15625 0.1421875
1 0.6546875 0.3796875 0.134375 0.1171875
1 0.60859375 0.7046875 0.109375 0.084375
1 0.52109375 0.5484375 0.103125 0.09375
1 0.97265625 0.48203125 0.0546875 0.1046875
1 0.6625 0.7390625 0.1015625 0.0890625
1 0.53359375 0.73046875 0.1015625 0.1
1 0.44921875 0.646875 0.109375 0.0953125
1 0.42265625 0.4 0.084375 0.0765625
1 0.54453125 0.36171875 0.078125 0.071875
1 0.48359375 0.228125 0.09375 0.078125
1 0.3109375 0.08984375 0.06875 0.0578125
1 0.32421875 0.159375 0.0828125 0.0703125
1 0.25703125 0.18359375 0.0796875 0.0546875
1 0.2390625 0.2328125 0.075 0.059375
1 0.35703125 0.5171875 0.1078125 0.0875
1 0.3765625 0.61015625 0.0734375 0.071875
1 0.4109375 0.5890625 0.06875 0.0578125
1 0.49375 0.8859375 0.125 0.1015625
1 0.365625 0.92734375 0.0859375 0.0796875
1 0.42578125 0.9640625 0.0828125 0.0703125
1 0.4109375 0.70390625 0.059375 0.0453125