1 0.70078125 0.4296875 0.0265625 0.0390625
1 0.72734375 0.46328125 0.028125 0.046875
1 0.72890625 0.49765625 0.0328125 0.0515625
1 0.68125 0.47890625 0.0296875 0.0578125
1 0.67890625 0.37265625 0.0265625 0.046875
1 0.65703125 0.40234375 0.0265625 0.0390625
1 0.6453125 0.434375 0.0234375 0.034375
1 0.5875 0.4078125 0.0265625 0.0390625
1 0.77734375 0.53515625 0.025 0.046875
1 0.746875 0.6921875 0.0265625 0.05625
1 0.821875 0.475 0.0234375 0.0453125
1 0.77734375 0.46953125 0.0296875 0.040625
1 0.68359375 0.6359375 0.0328125 0.0484375
1 0.6703125 0.5765625 0.03125 0.0453125
1 0.56484375 0.6125 0.03125 0.046875
1 0.5625 0.49921875 0.0265625 0.046875
1 0.53359375 0.51953125 0.0296875 0.034375
1 0.5984375 0.296875 0.025 0.0390625
1 0.56484375 0.31953125 0.03125 0.034375
1 0.5375 0.41640625 0.0296875 0.040625
1 0.5078125 0.5015625 0.021875 0.034375
1 0.5015625 0.56875 0.03125 0.046875
1 0.64453125 0.328125 0.0234375 0.0328125
1 0.709375 0.3375 0.0265625 0.0390625
1 0.55703125 0.7453125 0.028125 0.053125
1 0.27578125 0.81015625 0.03125 0.0421875
1 0.3359375 0.65234375 0.0265625 0.040625
1 0.3328125 0.72421875 0.03125 0.046875
1 0.37890625 0.4390625 0.025 0.0453125
1 0.37265625 0.45390625 0.0234375 0.0390625
1 0.453125 0.646875 0.0234375 0.034375
1 0.26484375 0.6796875 0.0328125 0.046875
1 0.29921875 0.6765625 0.0234375 0.0390625
1 0.3125 0.74765625 0.0234375 0.0390625