0 0.48046875 0.32109375 0.03203125 0.0984375
0 0.41640625 0.34296875 0.03203125 0.09296875
0 0.346875 0.4015625 0.03515625 0.06171875
0 0.25625 0.28125 0.02890625 0.06796875
0 0.2046875 0.28125 0.03515625 0.06796875
0 0.12890625 0.33359375 0.0390625 0.08671875
0 0.57578125 0.42578125 0.03515625 0.06171875
0 0.6046875 0.31171875 0.0484375 0.08046875
0 0.3625 0.03671875 0.034375 0.0734375
0 0.1921875 0.07109375 0.0484375 0.08046875
0 0.2953125 0.41640625 0.03515625 0.06796875
0 0.37265625 0.1546875 0.0421875 0.07421875
0 0.6 0.5 0.03203125 0.06171875
0 0.609375 0.53671875 0.02578125 0.06171875
0 0.63046875 0.6296875 0.02890625 0.06171875
0 0.43515625 0.475 0.02578125 0.04921875
0 0.3984375 0.475 0.02890625 0.04921875
0 0.52890625 0.478125 0.03203125 0.04296875
0 0.5421875 0.3609375 0.03203125 0.05546875
0 0.42421875 0.6078125 0.02890625 0.05546875
0 0.57421875 0.271875 0.0453125 0.04921875
0 0.640625 0.69765625 0.02890625 0.06171875
0 0.27109375 0.1296875 0.0453125 0.06171875
0 0.15 0.1046875 0.0421875 0.06171875
0 0.140625 0.17578125 0.03515625 0.05546875
0 0.290625 0.48125 0.0390625 0.04921875
0 0.26328125 0.496875 0.03515625 0.05546875
0 0.7515625 0.79296875 0.02578125 0.05546875
0 0.67265625 0.759375 0.03515625 0.07421875
0 0.759375 0.49375 0.02890625 0.06171875
0 0.696875 0.41640625 0.03203125 0.05546875
0 0.71484375 0.49375 0.02890625 0.07421875
0 0.66328125 0.521875 0.02265625 0.05546875
0 0.67890625 0.528125 0.02265625 0.05546875
0 0.73671875 0.8578125 0.03515625 0.06171875
0 0.72421875 0.79921875 0.03515625 0.05546875
0 0.71796875 0.58984375 0.02890625 0.05546875
0 0.896875 0.66640625 0.02578125 0.06171875
0 0.9546875 0.70078125 0.02578125 0.05546875
0 0.92265625 0.759375 0.03203125 0.04921875
0 0.93515625 0.56484375 0.02578125 0.06796875
0 0.82734375 0.06484375 0.02890625 0.06796875
0 0.76328125 0.07421875 0.02890625 0.06171875
0 0.77734375 0.1265625 0.02578125 0.06796875
0 0.8390625 0.15703125 0.02578125 0.05546875
0 0.7984375 0.1546875 0.0421875 0.04921875
0 0.85 0.0984375 0.02890625 0.03671875
0 0.86953125 0.1296875 0.02890625 0.04921875