0 0.4171875 0.87421875 0.1046875 0.0671875
0 0.78671875 0.91640625 0.0984375 0.0671875
0 0.646875 0.86484375 0.0890625 0.0625
0 0.77578125 0.809375 0.0765625 0.0578125
0 0.4765625 0.81640625 0.1 0.08125
0 0.53203125 0.84921875 0.0734375 0.0625
0 0.471875 0.75234375 0.0765625 0.0546875
0 0.41640625 0.8 0.0765625 0.0453125
0 0.76171875 0.86328125 0.090625 0.0625
0 0.59765625 0.759375 0.0921875 0.075
0 0.6171875 0.71015625 0.103125 0.0609375
0 0.6484375 0.77890625 0.078125 0.0578125
0 0.671875 0.6859375 0.1203125 0.0671875
0 0.59375 0.63203125 0.065625 0.05625
0 0.56484375 0.60390625 0.096875 0.065625
0 0.6984375 0.6546875 0.0671875 0.0625
0 0.7171875 0.61171875 0.0875 0.05
0 0.46640625 0.4453125 0.1046875 0.0796875
0 0.5046875 0.5125 0.1125 0.06875
0 0.525 0.5515625 0.1 0.0765625
0 0.63515625 0.55859375 0.1140625 0.059375
0 0.640625 0.621875 0.1 0.0859375
0 0.5546875 0.8171875 0.071875 0.053125
0 0.53125 0.45390625 0.0640625 0.046875
0 0.2234375 0.3984375 0.0859375 0.06875
0 0.19765625 0.4328125 0.0796875 0.0640625
0 0.33515625 0.02734375 0.1484375 0.0546875
0 0.16484375 0.04765625 0.0984375 0.071875
0 0.30546875 0.16953125 0.09375 0.0796875
0 0.4796875 0.24921875 0.0984375 0.05
0 0.815625 0.6953125 0.071875 0.059375
0 0.46875 0.06640625 0.0984375 0.0671875