0 0.4359375 0.49765625 0.046875 0.034375
0 0.4296875 0.478125 0.0328125 0.0390625
0 0.54296875 0.4234375 0.040625 0.025
0 0.66171875 0.4359375 0.04375 0.0359375
0 0.57421875 0.3921875 0.0359375 0.03125
0 0.4921875 0.43359375 0.0359375 0.0265625
0 0.4359375 0.42421875 0.0375 0.0265625
0 0.42578125 0.39765625 0.0359375 0.0296875
0 0.47109375 0.403125 0.0359375 0.0265625
0 0.6234375 0.43984375 0.03125 0.03125
0 0.52109375 0.459375 0.0296875 0.0296875
0 0.58828125 0.44609375 0.0359375 0.021875
0 0.428125 0.4453125 0.034375 0.0296875
0 0.609375 0.4078125 0.0359375 0.0265625
0 0.49609375 0.403125 0.0328125 0.034375
0 0.8421875 0.371875 0.046875 0.0328125
0 0.8953125 0.39140625 0.0375 0.0328125
0 0.7640625 0.41953125 0.040625 0.028125
0 0.7015625 0.47890625 0.0296875 0.0234375
0 0.78203125 0.44609375 0.0359375 0.0265625
0 0.73671875 0.5125 0.0359375 0.0265625
0 0.71484375 0.4453125 0.0375 0.0328125
0 0.6453125 0.50859375 0.040625 0.028125
0 0.61796875 0.5296875 0.034375 0.021875
0 0.65546875 0.525 0.025 0.025
0 0.61796875 0.54375 0.0296875 0.021875
0 0.68046875 0.50625 0.0359375 0.0265625
0 0.72578125 0.5453125 0.034375 0.0234375
0 0.76796875 0.51484375 0.03125 0.0265625
0 0.496875 0.63359375 0.025 0.021875
0 0.5234375 0.64765625 0.0296875 0.021875
0 0.525 0.7265625 0.03125 0.0265625
0 0.3875 0.66171875 0.0296875 0.0234375
0 0.5015625 0.64921875 0.03125 0.0265625
0 0.41328125 0.73671875 0.0359375 0.0265625
0 0.5296875 0.671875 0.034375 0.021875
0 0.54921875 0.66875 0.03125 0.03125
0 0.54765625 0.696875 0.04375 0.034375
0 0.5015625 0.55859375 0.0375 0.0234375