1 0.5953125 0.96484375 0.090625 0.0703125
1 0.7703125 0.9078125 0.1390625 0.0640625
1 0.73203125 0.74921875 0.1171875 0.0671875
1 0.628125 0.75625 0.09375 0.04375
1 0.43046875 0.75859375 0.09375 0.053125
1 0.3453125 0.77734375 0.0890625 0.053125
1 0.0796875 0.6375 0.096875 0.0984375
1 0.26875 0.70390625 0.115625 0.0515625
1 0.18671875 0.62109375 0.0796875 0.071875
1 0.0796875 0.5578125 0.0890625 0.0671875
1 0.1203125 0.5515625 0.084375 0.0609375
1 0.040625 0.48515625 0.0734375 0.065625
1 0.278125 0.42890625 0.1390625 0.08125
1 0.4328125 0.628125 0.1125 0.0984375
1 0.18984375 0.3734375 0.1 0.075
1 0.25234375 0.31171875 0.0890625 0.065625
1 0.49453125 0.3515625 0.11875 0.0765625
1 0.36875 0.28359375 0.1234375 0.065625
1 0.31640625 0.37265625 0.1015625 0.0859375
1 0.13828125 0.034375 0.1078125 0.06875
1 0.61328125 0.61796875 0.14375 0.0796875
1 0.6578125 0.52890625 0.128125 0.0734375
1 0.72421875 0.3390625 0.11875 0.0890625
1 0.75859375 0.51875 0.103125 0.09375
1 0.7109375 0.63828125 0.078125 0.0765625
1 0.70390625 0.67734375 0.1015625 0.075
1 0.81953125 0.58515625 0.0859375 0.0796875
1 0.11328125 0.44296875 0.09375 0.053125
1 0.91796875 0.44765625 0.0828125 0.065625