1 0.31171875 0.721875 0.1296875 0.096875
1 0.640625 0.74140625 0.103125 0.0609375
1 0.815625 0.63203125 0.115625 0.075
1 0.9171875 0.56875 0.121875 0.084375
1 0.48359375 0.66171875 0.090625 0.0734375
1 0.4359375 0.8734375 0.109375 0.084375
1 0.90546875 0.73671875 0.1390625 0.0796875
1 0.77734375 0.7296875 0.10625 0.09375
1 0.6828125 0.7796875 0.1015625 0.0640625
1 0.79921875 0.83046875 0.1390625 0.0796875
1 0.36328125 0.834375 0.09375 0.0625
1 0.390625 0.79765625 0.0796875 0.0703125
1 0.478125 0.61328125 0.11875 0.0671875
1 0.6921875 0.47265625 0.1078125 0.075
1 0.1421875 0.56171875 0.115625 0.078125
1 0.26796875 0.88359375 0.0890625 0.090625
1 0.14921875 0.33671875 0.140625 0.09375
1 0.31640625 0.3515625 0.13125 0.06875