0 0.315625 0.165625 0.0796875 0.0703125
0 0.2296875 0.21875 0.0984375 0.0609375
0 0.2796875 0.2796875 0.084375 0.059375
0 0.39609375 0.14609375 0.084375 0.090625
0 0.49609375 0.58515625 0.053125 0.059375
0 0.3625 0.4640625 0.078125 0.0515625
0 0.40703125 0.3125 0.078125 0.0671875
0 0.3625 0.59140625 0.0859375 0.0609375
0 0.321875 0.634375 0.084375 0.0578125
0 0.52265625 0.89765625 0.1046875 0.075
0 0.509375 0.73515625 0.053125 0.0671875
0 0.565625 0.7328125 0.071875 0.046875
0 0.2625 0.62734375 0.0890625 0.0734375
0 0.3453125 0.03359375 0.0890625 0.0546875
0 0.3796875 0.69140625 0.084375 0.0421875
0 0.4015625 0.8875 0.078125 0.0515625
0 0.33125 0.85859375 0.0515625 0.0515625
0 0.33203125 0.89296875 0.0640625 0.0515625
0 0.334375 0.775 0.0640625 0.0546875
0 0.66015625 0.67265625 0.059375 0.078125
0 0.83203125 0.328125 0.0625 0.075
0 0.73203125 0.384375 0.0703125 0.075
0 0.68671875 0.42578125 0.059375 0.0625
0 0.6671875 0.4875 0.0578125 0.0703125
0 0.61875 0.51875 0.071875 0.0328125
0 0.578125 0.5390625 0.0609375 0.0390625
0 0.7546875 0.3234375 0.0640625 0.0859375
0 0.8390625 0.27734375 0.06875 0.075
0 0.88359375 0.1765625 0.1296875 0.075
0 0.92578125 0.34765625 0.0953125 0.05625
0 0.42265625 0.7953125 0.0546875 0.0515625