1 0.9828125 0.33828125 0.034375 0.1046875
1 0.82578125 0.98125 0.0984375 0.0375
1 0.565625 0.8328125 0.071875 0.0875
1 0.67734375 0.6421875 0.0703125 0.0890625
1 0.634375 0.5203125 0.065625 0.078125
1 0.603125 0.478125 0.0703125 0.0828125
1 0.64140625 0.28359375 0.071875 0.0796875
1 0.44453125 0.95625 0.06875 0.0796875
1 0.43046875 0.8671875 0.0890625 0.1015625
1 0.434375 0.80234375 0.078125 0.084375
1 0.4390625 0.74453125 0.08125 0.0859375
1 0.4984375 0.63515625 0.0796875 0.0828125
1 0.5203125 0.65859375 0.084375 0.096875
1 0.553125 0.57421875 0.1 0.1046875
1 0.55859375 0.4484375 0.06875 0.0765625
1 0.553125 0.39921875 0.0640625 0.075
1 0.5828125 0.35859375 0.071875 0.0796875
1 0.553125 0.2046875 0.0703125 0.0734375
1 0.58046875 0.24140625 0.0703125 0.0765625
1 0.53046875 0.31328125 0.09375 0.103125
1 0.50546875 0.278125 0.08125 0.0953125
1 0.5015625 0.396875 0.0734375 0.0796875
1 0.49375 0.44296875 0.0796875 0.08125
1 0.48828125 0.57890625 0.090625 0.1015625
1 0.45078125 0.55703125 0.08125 0.0859375
1 0.45078125 0.51171875 0.0625 0.0875
1 0.4421875 0.459375 0.06875 0.0921875
1 0.428125 0.4046875 0.0578125 0.0765625
1 0.44140625 0.31328125 0.084375 0.08125
1 0.4015625 0.375 0.0734375 0.0734375
1 0.34453125 0.4078125 0.08125 0.0859375
1 0.40703125 0.62265625 0.0734375 0.0703125
1 0.36171875 0.63046875 0.0765625 0.084375
1 0.3328125 0.76953125 0.0953125 0.0828125
1 0.26484375 0.86875 0.078125 0.1
1 0.25078125 0.675 0.075 0.078125
1 0.19453125 0.7453125 0.0671875 0.096875
1 0.13671875 0.7359375 0.0703125 0.0890625
1 0.11015625 0.6421875 0.0625 0.071875
1 0.10859375 0.5671875 0.0578125 0.0796875
1 0.153125 0.55703125 0.08125 0.10625
1 0.28203125 0.53828125 0.0828125 0.1109375
1 0.35078125 0.571875 0.0625 0.06875
1 0.11953125 0.4953125 0.0734375 0.075
1 0.13515625 0.45625 0.0828125 0.0765625
1 0.28515625 0.3421875 0.084375 0.1
1 0.36015625 0.23671875 0.0765625 0.084375
1 0.459375 0.16875 0.0796875 0.109375
1 0.25625 0.24765625 0.084375 0.0984375
1 0.31875 0.25625 0.0796875 0.08125
1 0.2046875 0.28046875 0.0796875 0.08125
1 0.203125 0.3171875 0.078125 0.071875