1 0.659375 0.2890625 0.084375 0.059375
1 0.55703125 0.29375 0.084375 0.059375
1 0.4625 0.3359375 0.0953125 0.05625
1 0.284375 0.42578125 0.0578125 0.0359375
1 0.353125 0.42265625 0.065625 0.046875
1 0.43984375 0.3953125 0.075 0.04375
1 0.271875 0.49453125 0.09375 0.04375
1 0.35859375 0.4859375 0.075 0.046875
1 0.359375 0.525 0.0890625 0.0609375
1 0.4078125 0.47421875 0.0734375 0.0609375
1 0.5625 0.3890625 0.0609375 0.046875
1 0.46328125 0.4453125 0.0734375 0.0578125
1 0.496875 0.46328125 0.059375 0.0484375
1 0.59609375 0.41171875 0.0828125 0.053125
1 0.7203125 0.41171875 0.075 0.0484375
1 0.6015625 0.46171875 0.0765625 0.0515625
1 0.63671875 0.4890625 0.065625 0.0484375
1 0.61484375 0.53515625 0.0546875 0.0453125
1 0.5234375 0.49609375 0.0671875 0.05625
1 0.4921875 0.5234375 0.065625 0.053125
1 0.42265625 0.54375 0.0765625 0.0515625
1 0.4125 0.6015625 0.08125 0.0484375
1 0.38125 0.63125 0.0640625 0.0671875
1 0.34609375 0.6390625 0.0625 0.05625
1 0.53671875 0.67421875 0.0671875 0.059375
1 0.515625 0.6078125 0.0828125 0.0484375
1 0.5875 0.65390625 0.065625 0.0484375
1 0.575 0.58515625 0.0515625 0.0421875
1 0.60234375 0.58359375 0.05625 0.034375
1 0.7 0.57109375 0.053125 0.0515625
1 0.7421875 0.56875 0.0515625 0.040625
1 0.67109375 0.5984375 0.071875 0.0515625
1 0.6921875 0.63203125 0.078125 0.0578125
1 0.7890625 0.6296875 0.078125 0.0609375