1 0.121875 0.65234375 0.02734375 0.0359375
1 0.14296875 0.59765625 0.0234375 0.03125
1 0.1078125 0.70625 0.0234375 0.04140625
1 0.0890625 0.68046875 0.0234375 0.03125
1 0.0734375 0.70078125 0.0234375 0.03125
1 0.0734375 0.6265625 0.03125 0.04609375
1 0.246875 0.63671875 0.0234375 0.04609375
1 0.246875 0.5234375 0.0234375 0.0359375
1 0.34140625 0.85078125 0.02734375 0.03125
1 0.2953125 0.91015625 0.034375 0.0359375
1 0.41875 0.85078125 0.02734375 0.04140625
1 0.38046875 0.79609375 0.02734375 0.04609375
1 0.34765625 0.80703125 0.03125 0.0359375
1 0.41328125 0.8171875 0.03125 0.0359375
1 0.49609375 0.84296875 0.034375 0.02578125
1 0.60234375 0.86328125 0.0234375 0.0359375
1 0.646875 0.95859375 0.02734375 0.03125
1 0.65859375 0.91484375 0.02734375 0.0359375
1 0.6234375 0.8015625 0.02734375 0.0359375
1 0.2703125 0.72421875 0.0234375 0.0359375
1 0.74140625 0.8328125 0.03125 0.0359375
1 0.8203125 0.865625 0.02734375 0.04140625
1 0.86875 0.7734375 0.03125 0.03125
1 0.92890625 0.68828125 0.034375 0.04609375
1 0.6890625 0.74453125 0.02734375 0.0359375
1 0.7625 0.6671875 0.034375 0.0359375
1 0.7953125 0.5953125 0.03125 0.0359375
1 0.525 0.70078125 0.0234375 0.04140625
1 0.6078125 0.63125 0.02734375 0.0359375
1 0.6140625 0.5828125 0.0234375 0.03125
1 0.63515625 0.64453125 0.02734375 0.03125
1 0.6640625 0.5671875 0.0234375 0.03125
1 0.6890625 0.54609375 0.02734375 0.03125
1 0.51171875 0.5828125 0.02734375 0.04140625
1 0.475 0.62109375 0.0234375 0.0359375
1 0.53125 0.634375 0.02734375 0.04140625
1 0.42890625 0.53828125 0.0234375 0.0359375
1 0.459375 0.5671875 0.03125 0.04140625
1 0.38046875 0.49765625 0.02734375 0.0359375
1 0.3453125 0.4796875 0.02734375 0.04140625
1 0.425 0.49453125 0.03125 0.04140625
1 0.4921875 0.5 0.02734375 0.04140625
1 0.64453125 0.20390625 0.0234375 0.0359375
1 0.62734375 0.1859375 0.01953125 0.03125
1 0.48046875 0.16484375 0.02734375 0.03125
1 0.41328125 0.134375 0.0234375 0.03125
1 0.40703125 0.16484375 0.02734375 0.03125
1 0.40703125 0.190625 0.02734375 0.03125
1 0.1234375 0.22421875 0.0234375 0.0359375
1 0.14453125 0.2265625 0.01953125 0.04140625
1 0.0421875 0.21640625 0.03125 0.04140625
1 0.15078125 0.10546875 0.0234375 0.0359375
1 0.1234375 0.04609375 0.0234375 0.04140625
1 0.20234375 0.1265625 0.02734375 0.0359375
1 0.18515625 0.08984375 0.03125 0.0359375
1 0.171875 0.16015625 0.02734375 0.04140625
1 0.29140625 0.10078125 0.02734375 0.0359375
1 0.32421875 0.0640625 0.0234375 0.0359375
1 0.24921875 0.05390625 0.02734375 0.02578125
1 0.43984375 0.0640625 0.0234375 0.0359375
1 0.33203125 0.234375 0.0234375 0.0359375
1 0.2609375 0.21171875 0.02734375 0.04140625
1 0.53828125 0.25 0.01953125 0.0359375
1 0.58671875 0.12109375 0.0234375 0.0359375
1 0.57734375 0.075 0.02734375 0.0359375
1 0.596875 0.0640625 0.01953125 0.04609375
1 0.48671875 0.08515625 0.0234375 0.0359375
1 0.62734375 0.1109375 0.01953125 0.0359375
1 0.6640625 0.14140625 0.0234375 0.0359375
1 0.70078125 0.10859375 0.02734375 0.03125
1 0.7296875 0.059375 0.0234375 0.0359375
1 0.7609375 0.1390625 0.03125 0.04140625
1 0.80078125 0.2265625 0.02734375 0.03125
1 0.803125 0.19609375 0.03125 0.03125
1 0.8359375 0.1265625 0.01953125 0.0359375
1 0.76796875 0.071875 0.0234375 0.04140625
1 0.7296875 0.2296875 0.03125 0.0359375
1 0.646875 0.265625 0.02734375 0.0359375
1 0.5984375 0.2578125 0.0234375 0.03125
1 0.6953125 0.3453125 0.0234375 0.04140625
1 0.6140625 0.36328125 0.015625 0.02578125
1 0.671875 0.26015625 0.03125 0.0359375
1 0.73359375 0.3296875 0.0234375 0.04140625
1 0.54453125 0.0234375 0.0234375 0.0359375
1 0.778125 0.10546875 0.02734375 0.0359375
1 0.8859375 0.27578125 0.02734375 0.0359375