2 0.046875 0.5109375 0.084375 0.0890625
2 0.09296875 0.4734375 0.0890625 0.06640625
2 0.26015625 0.54453125 0.084375 0.09296875
2 0.30234375 0.46640625 0.0890625 0.0625
2 0.3625 0.453125 0.07578125 0.07109375
2 0.415625 0.40234375 0.09296875 0.0578125
2 0.11328125 0.5640625 0.03984375 0.04453125
2 0.146875 0.5625 0.04453125 0.04921875
2 0.3375 0.53359375 0.0359375 0.04453125
2 0.4046875 0.5046875 0.0625 0.04921875
2 0.46015625 0.4796875 0.084375 0.0796875
2 0.46015625 0.42890625 0.03984375 0.03984375
2 0.521875 0.3796875 0.04921875 0.04921875
2 0.6046875 0.353125 0.053125 0.04921875
2 0.57109375 0.36015625 0.03984375 0.04453125
2 0.54453125 0.453125 0.04921875 0.07109375
2 0.56640625 0.4203125 0.03984375 0.03984375
2 0.7359375 0.36015625 0.07578125 0.07109375
2 0.72890625 0.31796875 0.07109375 0.0578125
2 0.7890625 0.3359375 0.084375 0.10234375
2 0.85078125 0.3359375 0.1109375 0.1203125
2 0.5890625 0.44921875 0.04921875 0.04453125