0 0.48359375 0.759375 0.046875 0.0375
0 0.49140625 0.8015625 0.0515625 0.0390625
0 0.48828125 0.62265625 0.0578125 0.0375
0 0.58125 0.53515625 0.05625 0.04375
0 0.42734375 0.5125 0.046875 0.0375
0 0.31953125 0.37578125 0.059375 0.0515625
0 0.35390625 0.1796875 0.065625 0.0515625
0 0.88828125 0.3078125 0.046875 0.0375
0 0.9515625 0.24921875 0.05 0.04375
0 0.76640625 0.1515625 0.03125 0.0328125
0 0.7765625 0.16640625 0.0390625 0.040625
0 0.67578125 0.91875 0.0484375 0.04375
0 0.79609375 0.79921875 0.04375 0.0421875
0 0.16171875 0.64921875 0.0453125 0.03125
0 0.14453125 0.6328125 0.0484375 0.04375
0 0.2671875 0.809375 0.059375 0.046875
0 0.45 0.11875 0.04375 0.0359375
0 0.2421875 0.496875 0.0421875 0.03125
0 0.0234375 0.5859375 0.046875 0.040625
0 0.01171875 0.571875 0.0234375 0.040625
0 0.85234375 0.73828125 0.0484375 0.0375
0 0.8296875 0.77421875 0.053125 0.0421875
0 0.67265625 0.76015625 0.0421875 0.034375
0 0.62578125 0.79609375 0.040625 0.0390625
0 0.85859375 0.21796875 0.046875 0.040625