0 0.04296875 0.859375 0.03359375 0.05859375
0 0.1265625 0.8828125 0.0296875 0.053125
0 0.09140625 0.8328125 0.03359375 0.06953125
0 0.146875 0.9171875 0.03359375 0.06953125
0 0.059375 0.928125 0.04453125 0.06953125
0 0.37890625 0.82734375 0.0375 0.05859375
0 0.4015625 0.89921875 0.0375 0.053125
0 0.26171875 0.5640625 0.0484375 0.0640625
0 0.29921875 0.78203125 0.03359375 0.053125
0 0.31015625 0.75 0.040625 0.053125
0 0.321875 0.78203125 0.040625 0.053125
0 0.46484375 0.75234375 0.0375 0.05859375
0 0.43125 0.71796875 0.04453125 0.0640625
0 0.3328125 0.64609375 0.040625 0.05859375
0 0.325 0.6140625 0.03359375 0.05859375
0 0.559375 0.7078125 0.0484375 0.0640625
0 0.528125 0.67578125 0.04453125 0.0640625
0 0.63046875 0.76875 0.03359375 0.04765625
0 0.71171875 0.61171875 0.03359375 0.0640625
0 0.41484375 0.62265625 0.03359375 0.0640625
0 0.37734375 0.62734375 0.02578125 0.053125
0 0.23828125 0.3640625 0.0375 0.05859375
0 0.2765625 0.3671875 0.040625 0.07421875
0 0.43515625 0.49453125 0.0375 0.0640625
0 0.4328125 0.5375 0.0484375 0.053125
0 0.678125 0.37734375 0.040625 0.053125
0 0.725 0.2125 0.0375 0.0421875
0 0.72890625 0.178125 0.0375 0.04765625
0 0.66015625 0.409375 0.040625 0.053125
0 0.5890625 0.3375 0.040625 0.05859375
0 0.54296875 0.4125 0.0375 0.04765625
0 0.42578125 0.4125 0.0484375 0.04765625
0 0.44453125 0.359375 0.040625 0.05859375
0 0.53125 0.3328125 0.0375 0.05859375
0 0.56484375 0.26328125 0.0375 0.05859375
0 0.3546875 0.2921875 0.03359375 0.0640625
0 0.4015625 0.18359375 0.0375 0.05859375
0 0.42578125 0.26875 0.040625 0.05859375
0 0.4984375 0.19921875 0.04453125 0.05859375
0 0.67265625 0.0375 0.0296875 0.0640625
0 0.52578125 0.02109375 0.040625 0.0421875
0 0.3625 0.05859375 0.0484375 0.053125
0 0.3609375 0.03203125 0.04453125 0.0421875
0 0.31015625 0.340625 0.040625 0.0421875
0 0.334375 0.359375 0.05234375 0.05859375
0 0.22109375 0.09609375 0.040625 0.0421875
0 0.234375 0.06953125 0.0375 0.053125
0 0.246875 0.053125 0.03359375 0.053125
0 0.27890625 0.1140625 0.0375 0.04765625
0 0.43515625 0.2125 0.0375 0.0421875
0 0.97421875 0.97578125 0.0296875 0.0375