2 0.61640625 0.70859375 0.1140625 0.09375
2 0.490625 0.69609375 0.0921875 0.0984375
2 0.4265625 0.67890625 0.0953125 0.0875
2 0.5765625 0.8234375 0.1171875 0.1015625
2 0.68359375 0.97109375 0.1046875 0.0578125
2 0.6453125 0.93359375 0.0859375 0.078125
2 0.62421875 0.896875 0.084375 0.0734375
2 0.53984375 0.85234375 0.0859375 0.0796875
2 0.13671875 0.49921875 0.11875 0.0984375
2 0.4 0.44296875 0.0953125 0.1
2 0.66640625 0.14453125 0.0984375 0.084375
2 0.34453125 0.1828125 0.090625 0.08125
2 0.29609375 0.15390625 0.0765625 0.078125
2 0.23828125 0.1390625 0.1015625 0.090625
2 0.1625 0.0921875 0.103125 0.0890625
2 0.27421875 0.04609375 0.0984375 0.0921875
2 0.42109375 0.0515625 0.1203125 0.103125
2 0.5078125 0.08203125 0.115625 0.096875