1 0.92578125 0.69453125 0.046875 0.0765625
1 0.78125 0.67578125 0.06875 0.09375
1 0.7078125 0.7859375 0.0546875 0.08125
1 0.628125 0.8375 0.0625 0.08125
1 0.5515625 0.778125 0.0625 0.0765625
1 0.70625 0.46328125 0.0515625 0.0828125
1 0.80703125 0.51328125 0.05 0.08125
1 0.84375 0.51015625 0.0515625 0.0765625
1 0.85859375 0.41484375 0.0578125 0.08125
1 0.871875 0.3546875 0.059375 0.09375
1 0.8421875 0.24921875 0.0734375 0.10625
1 0.778125 0.275 0.05625 0.0875
1 0.73671875 0.24375 0.0625 0.109375
1 0.62578125 0.10546875 0.0578125 0.09375
1 0.57265625 0.1421875 0.065625 0.1109375
1 0.6546875 0.33828125 0.0546875 0.0984375
1 0.51875 0.29453125 0.0796875 0.1125
1 0.475 0.21015625 0.065625 0.0984375
1 0.42578125 0.16328125 0.065625 0.0859375
1 0.4359375 0.40859375 0.06875 0.0828125
1 0.28828125 0.29453125 0.0625 0.0921875
1 0.33046875 0.56015625 0.0625 0.0875
1 0.3234375 0.52265625 0.0515625 0.0875
1 0.28984375 0.66640625 0.0625 0.103125
1 0.2375 0.7 0.0578125 0.1046875
1 0.12890625 0.671875 0.059375 0.103125
1 0.09375 0.51640625 0.059375 0.103125
1 0.2265625 0.3828125 0.0578125 0.0921875
1 0.165625 0.4015625 0.0703125 0.103125