2 0.76875 0.259375 0.0609375 0.0453125
2 0.7515625 0.2078125 0.053125 0.0375
2 0.74140625 0.22890625 0.046875 0.0359375
2 0.7265625 0.2171875 0.0453125 0.0359375
2 0.6640625 0.21484375 0.046875 0.0390625
2 0.71640625 0.375 0.059375 0.0453125
2 0.68515625 0.39296875 0.0609375 0.0453125
2 0.51640625 0.07734375 0.0453125 0.034375
2 0.51484375 0.12734375 0.0546875 0.040625
2 0.490625 0.1421875 0.0515625 0.0375
2 0.45703125 0.11328125 0.053125 0.0359375
2 0.45625 0.09765625 0.0546875 0.040625
2 0.50625 0.2078125 0.053125 0.0390625
2 0.60625 0.19140625 0.0421875 0.0328125
2 0.60078125 0.18203125 0.0328125 0.0234375
2 0.58828125 0.2625 0.05 0.0328125
2 0.546875 0.22734375 0.046875 0.034375
2 0.5796875 0.24140625 0.046875 0.034375
2 0.58671875 0.2109375 0.0390625 0.0265625
2 0.58046875 0.19296875 0.0390625 0.0296875
2 0.54453125 0.25078125 0.04375 0.03125
2 0.54921875 0.26484375 0.040625 0.0328125
2 0.553125 0.28203125 0.0484375 0.040625
2 0.5703125 0.315625 0.05 0.0328125
2 0.53359375 0.29140625 0.040625 0.0328125
2 0.5125 0.29140625 0.04375 0.028125
2 0.46796875 0.23515625 0.046875 0.0328125
2 0.459375 0.24453125 0.0578125 0.040625
2 0.303125 0.19453125 0.053125 0.0390625
2 0.3890625 0.328125 0.053125 0.0421875
2 0.40859375 0.3609375 0.0515625 0.0359375
2 0.2296875 0.2890625 0.046875 0.0359375
2 0.23203125 0.2734375 0.0546875 0.0421875
2 0.21484375 0.23046875 0.053125 0.0375
2 0.2015625 0.19609375 0.053125 0.040625
2 0.24375 0.32890625 0.0546875 0.0390625
2 0.26875 0.3390625 0.0484375 0.040625
2 0.2546875 0.35390625 0.0546875 0.04375
2 0.28125 0.3765625 0.046875 0.0390625
2 0.265625 0.39296875 0.0640625 0.0421875
2 0.3453125 0.4921875 0.0640625 0.04375
2 0.69453125 0.49140625 0.046875 0.0375
2 0.65 0.47578125 0.0484375 0.0375
2 0.50390625 0.4171875 0.053125 0.0421875
2 0.62265625 0.40859375 0.046875 0.0390625
2 0.50078125 0.35234375 0.0546875 0.040625
2 0.5515625 0.39453125 0.0625 0.0484375
2 0.52109375 0.384375 0.0546875 0.040625
2 0.4578125 0.384375 0.040625 0.0328125
2 0.46328125 0.4234375 0.053125 0.040625
2 0.4390625 0.4296875 0.0484375 0.0375
2 0.46953125 0.47734375 0.0515625 0.0375
2 0.29765625 0.53125 0.0453125 0.034375
2 0.43359375 0.5015625 0.046875 0.0390625
2 0.39921875 0.49921875 0.040625 0.0328125
2 0.50078125 0.496875 0.04375 0.0359375
2 0.528125 0.50078125 0.0453125 0.0359375
2 0.38046875 0.52890625 0.0484375 0.0390625
2 0.36796875 0.53515625 0.040625 0.0328125
2 0.36640625 0.55078125 0.05 0.0421875
2 0.346875 0.534375 0.046875 0.0359375
2 0.375 0.5796875 0.046875 0.0390625
2 0.1890625 0.525 0.053125 0.0390625
2 0.321875 0.56171875 0.0640625 0.04375
2 0.3421875 0.5828125 0.046875 0.0390625
2 0.35703125 0.5953125 0.0484375 0.0390625