1 0.1390625 0.70078125 0.1265625 0.071875
1 0.7875 0.88984375 0.15 0.0515625
1 0.31171875 0.34609375 0.140625 0.0859375
1 0.4890625 0.3875 0.1171875 0.0875
1 0.4921875 0.48359375 0.1390625 0.1046875
1 0.596875 0.53515625 0.1265625 0.0546875
1 0.60234375 0.4703125 0.134375 0.096875
1 0.69375 0.565625 0.1109375 0.0734375
1 0.78828125 0.53203125 0.128125 0.0796875
1 0.93984375 0.52578125 0.1078125 0.0703125
1 0.93984375 0.6921875 0.109375 0.06875
1 0.828125 0.475 0.1203125 0.0578125
1 0.95859375 0.465625 0.0828125 0.05625