1 0.70625 0.59375 0.04375 0.021875
1 0.69296875 0.61484375 0.04375 0.021875
1 0.87890625 0.58984375 0.05 0.0234375
1 0.91875 0.6203125 0.04375 0.025
1 0.86640625 0.61015625 0.0375 0.025
1 0.91328125 0.6 0.04375 0.021875
1 0.98515625 0.6359375 0.025 0.021875
1 0.95 0.66953125 0.03125 0.021875
1 0.884375 0.6484375 0.0375 0.01875
1 0.86171875 0.66171875 0.03125 0.021875
1 0.87734375 0.69140625 0.0375 0.01875
1 0.90859375 0.690625 0.0375 0.021875
1 0.79765625 0.73359375 0.04375 0.021875
1 0.75078125 0.7125 0.0375 0.025
1 0.79609375 0.634375 0.0375 0.025
1 0.78671875 0.64765625 0.04375 0.021875
1 0.75859375 0.65859375 0.05 0.0265625
1 0.94609375 0.75 0.0375 0.025
1 0.86328125 0.753125 0.0375 0.021875
1 0.9125 0.8375 0.0375 0.025
1 0.90859375 0.8578125 0.04375 0.021875
1 0.79765625 0.9171875 0.05 0.0265625
1 0.85390625 0.9546875 0.0375 0.021875
1 0.81796875 0.8421875 0.0375 0.025
1 0.7484375 0.86015625 0.0375 0.025
1 0.7765625 0.87734375 0.03125 0.021875
1 0.809375 0.97578125 0.0375 0.015625
1 0.74140625 0.9265625 0.0375 0.021875
1 0.703125 0.928125 0.0375 0.01875
1 0.67734375 0.95 0.0375 0.01875
1 0.5984375 0.984375 0.04375 0.021875
1 0.6515625 0.97109375 0.0375 0.01875
1 0.60234375 0.95625 0.05 0.0234375
1 0.5390625 0.96328125 0.0375 0.01875
1 0.65 0.9171875 0.03125 0.01875
1 0.609375 0.90625 0.0375 0.021875
1 0.56875 0.90390625 0.03125 0.025
1 0.6984375 0.8578125 0.0375 0.021875
1 0.63515625 0.8453125 0.0375 0.01875
1 0.6109375 0.8328125 0.0375 0.025
1 0.54921875 0.921875 0.04375 0.025
1 0.521875 0.8765625 0.0375 0.021875
1 0.54765625 0.80546875 0.0375 0.025
1 0.6453125 0.80703125 0.03125 0.01875
1 0.6203125 0.79765625 0.03125 0.01875
1 0.48515625 0.82109375 0.0375 0.01875
1 0.50625 0.85546875 0.04375 0.025
1 0.49140625 0.83515625 0.0375 0.021875
1 0.440625 0.8453125 0.0375 0.025
1 0.41484375 0.84609375 0.0375 0.021875
1 0.43828125 0.80390625 0.03125 0.01875
1 0.45390625 0.79140625 0.0375 0.01875
1 0.4421875 0.77578125 0.0375 0.01875
1 0.5421875 0.77734375 0.0375 0.01875
1 0.60234375 0.7609375 0.03125 0.021875
1 0.621875 0.73984375 0.04375 0.021875
1 0.746875 0.75625 0.04375 0.025
1 0.66640625 0.68984375 0.04375 0.021875
1 0.6296875 0.6265625 0.03125 0.021875
1 0.5765625 0.61328125 0.0375 0.021875
1 0.58828125 0.69375 0.0375 0.025
1 0.56796875 0.7484375 0.0375 0.021875
1 0.6 0.725 0.05 0.0265625
1 0.515625 0.696875 0.03125 0.021875
1 0.5 0.65859375 0.0375 0.021875
1 0.47890625 0.62890625 0.04375 0.025
1 0.42421875 0.67421875 0.0375 0.025
1 0.478125 0.68203125 0.04375 0.025
1 0.40234375 0.6984375 0.05625 0.0296875
1 0.378125 0.80390625 0.0375 0.021875
1 0.3875 0.82890625 0.04375 0.025
1 0.43671875 0.9125 0.04375 0.021875
1 0.38671875 0.87265625 0.04375 0.025
1 0.3640625 0.896875 0.0375 0.025
1 0.2765625 0.8625 0.0375 0.028125
1 0.346875 0.79609375 0.05 0.0265625
1 0.31640625 0.7640625 0.05 0.0328125
1 0.26328125 0.8859375 0.0375 0.025
1 0.2421875 0.86953125 0.04375 0.025
1 0.29609375 0.82109375 0.0375 0.025
1 0.28828125 0.72578125 0.04375 0.025
1 0.24765625 0.7421875 0.0375 0.021875
1 0.209375 0.7640625 0.05 0.0296875
1 0.2859375 0.66875 0.0375 0.025
1 0.24921875 0.65390625 0.0375 0.021875
1 0.25859375 0.6390625 0.04375 0.015625
1 0.259375 0.5921875 0.04375 0.021875
1 0.26875 0.5765625 0.05 0.0171875
1 0.228125 0.57734375 0.05625 0.0203125
1 0.23125 0.59453125 0.05 0.0234375
1 0.1625 0.70078125 0.04375 0.028125
1 0.14453125 0.6921875 0.04375 0.025
1 0.12265625 0.66953125 0.05 0.0265625
1 0.1234375 0.62734375 0.05 0.0296875
1 0.0984375 0.6453125 0.05 0.0296875
1 0.05703125 0.63046875 0.04375 0.01875
1 0.04453125 0.64609375 0.05625 0.0265625
1 0.16171875 0.7625 0.05625 0.0296875
1 0.09921875 0.75859375 0.04375 0.021875
1 0.20546875 0.825 0.04375 0.025
1 0.15703125 0.83828125 0.05 0.0296875
1 0.040625 0.85703125 0.04375 0.025
1 0.03046875 0.90390625 0.05 0.0265625
1 0.13125 0.90078125 0.05 0.0234375
1 0.03828125 0.81015625 0.05 0.0265625
1 0.0359375 0.59765625 0.05 0.0234375
1 0.11875 0.7375 0.04375 0.021875
1 0.02109375 0.71015625 0.0375 0.028125
1 0.94453125 0.975 0.04375 0.021875
1 0.73984375 0.97578125 0.0375 0.01875
1 0.81640625 0.78359375 0.04375 0.021875