0 0.4359375 0.3703125 0.0515625 0.059375
0 0.409375 0.38671875 0.0578125 0.0640625
0 0.571875 0.65 0.0640625 0.0625
0 0.378125 0.6484375 0.046875 0.046875
0 0.37578125 0.62109375 0.0421875 0.046875
0 0.3875 0.1828125 0.0390625 0.05
0 0.484375 0.584375 0.05625 0.059375
0 0.47265625 0.58984375 0.05 0.071875
0 0.4546875 0.60625 0.04375 0.0515625
0 0.4015625 0.5453125 0.053125 0.05
0 0.49296875 0.678125 0.053125 0.06875
0 0.5125 0.66953125 0.0421875 0.0609375
0 0.28515625 0.25234375 0.04375 0.0515625
0 0.31015625 0.284375 0.0515625 0.071875
0 0.33359375 0.278125 0.0484375 0.0640625
0 0.61640625 0.44921875 0.0609375 0.0796875
0 0.75859375 0.3859375 0.0578125 0.059375