0 0.43828125 0.43203125 0.1125 0.13125
0 0.3125 0.3609375 0.0796875 0.109375
0 0.43671875 0.346875 0.0796875 0.10390625
0 0.60390625 0.478125 0.07265625 0.09296875
0 0.25078125 0.2921875 0.07265625 0.10390625
0 0.190625 0.2375 0.0765625 0.11484375
0 0.12890625 0.17734375 0.08359375 0.09296875
0 0.80390625 0.57890625 0.065625 0.0765625
0 0.68203125 0.58984375 0.090625 0.109375
0 0.5203125 0.50546875 0.0796875 0.11484375
0 0.57109375 0.53515625 0.0578125 0.109375
0 0.59453125 0.41796875 0.08359375 0.08203125
0 0.11484375 0.0765625 0.0546875 0.0875
0 0.7890625 0.64453125 0.0796875 0.109375
0 0.07421875 0.0734375 0.06171875 0.07109375