2 0.42109375 0.759375 0.028125 0.0296875
2 0.40546875 0.7515625 0.0265625 0.025
2 0.56015625 0.76015625 0.0234375 0.015625
2 0.5796875 0.78046875 0.021875 0.025
2 0.5578125 0.696875 0.0234375 0.025
2 0.5375 0.68828125 0.03125 0.03125
2 0.6 0.69375 0.021875 0.0203125
2 0.60390625 0.76875 0.0171875 0.025
2 0.61328125 0.76953125 0.021875 0.025
2 0.4953125 0.728125 0.01875 0.0203125
2 0.4453125 0.7234375 0.01875 0.0203125
2 0.44453125 0.73515625 0.0265625 0.0265625
2 0.42109375 0.709375 0.0265625 0.0265625
2 0.540625 0.753125 0.0234375 0.0265625
2 0.53671875 0.7671875 0.01875 0.025
2 0.5890625 0.71875 0.0234375 0.025
2 0.675 0.66640625 0.028125 0.03125
2 0.65703125 0.6578125 0.03125 0.0359375
2 0.67421875 0.72421875 0.028125 0.0296875
2 0.68828125 0.70625 0.028125 0.0296875
2 0.659375 0.746875 0.028125 0.03125
2 0.70625 0.6859375 0.0265625 0.0265625
2 0.68203125 0.63125 0.0265625 0.025
2 0.69296875 0.62734375 0.0234375 0.025
2 0.6078125 0.7203125 0.0265625 0.025
2 0.61484375 0.6390625 0.0265625 0.025
2 0.64765625 0.62109375 0.03125 0.03125
2 0.59140625 0.64765625 0.021875 0.0265625
2 0.56171875 0.65703125 0.0234375 0.0203125
2 0.5421875 0.66015625 0.028125 0.03125
2 0.67578125 0.60390625 0.028125 0.03125
2 0.70078125 0.58984375 0.0234375 0.0265625
2 0.71171875 0.746875 0.0328125 0.0328125
2 0.71484375 0.54296875 0.0265625 0.025
2 0.690625 0.5046875 0.03125 0.03125
2 0.51953125 0.56640625 0.025 0.03125
2 0.50234375 0.59140625 0.0265625 0.0265625
2 0.48984375 0.58515625 0.0265625 0.0265625
2 0.446875 0.51953125 0.0265625 0.025
2 0.421875 0.5171875 0.0265625 0.025
2 0.61953125 0.41484375 0.021875 0.0265625
2 0.675 0.47421875 0.028125 0.0296875
2 0.55234375 0.30078125 0.028125 0.0296875
2 0.60625 0.3625 0.028125 0.03125
2 0.57734375 0.425 0.0234375 0.0265625
2 0.59921875 0.45859375 0.03125 0.03125
2 0.559375 0.409375 0.0265625 0.0265625
2 0.55625 0.26015625 0.0265625 0.0265625
2 0.565625 0.225 0.0234375 0.0296875
2 0.6515625 0.43671875 0.0234375 0.0265625
2 0.64453125 0.41953125 0.0234375 0.03125
2 0.74609375 0.47109375 0.028125 0.0296875
2 0.753125 0.440625 0.028125 0.0359375