0 0.76015625 0.30703125 0.053125 0.059375
0 0.72265625 0.2859375 0.0453125 0.05
0 0.6796875 0.29296875 0.0359375 0.0421875
0 0.5390625 0.3140625 0.0453125 0.059375
0 0.4921875 0.28828125 0.0375 0.0421875
0 0.31484375 0.32421875 0.05 0.0546875
0 0.12421875 0.3484375 0.0578125 0.0578125
0 0.34375 0.43125 0.05625 0.0625
0 0.0703125 0.5203125 0.053125 0.0609375
0 0.015625 0.5296875 0.03125 0.059375
0 0.2734375 0.45234375 0.0390625 0.053125
0 0.1921875 0.48359375 0.04375 0.0546875
0 0.13515625 0.5203125 0.0546875 0.0703125
0 0.16484375 0.5546875 0.0484375 0.0609375
0 0.3828125 0.53828125 0.0515625 0.0703125
0 0.31953125 0.55078125 0.04375 0.0546875
0 0.303125 0.5125 0.0484375 0.046875
0 0.23828125 0.5828125 0.0390625 0.0515625
0 0.2625 0.5875 0.0421875 0.05
0 0.2828125 0.71171875 0.0515625 0.059375
0 0.36796875 0.61875 0.0515625 0.0703125
0 0.334375 0.66484375 0.046875 0.053125
0 0.40390625 0.62890625 0.0609375 0.071875
0 0.378125 0.67265625 0.05 0.0640625
0 0.1453125 0.59375 0.03125 0.0453125
0 0.10703125 0.5734375 0.046875 0.0609375
0 0.25 0.75 0.053125 0.0609375
0 0.178125 0.73984375 0.053125 0.0609375
0 0.31328125 0.83125 0.0515625 0.0625
0 0.43515625 0.7921875 0.05 0.05
0 0.43125 0.7125 0.0484375 0.059375
0 0.2484375 0.8421875 0.0453125 0.059375
0 0.559375 0.68359375 0.059375 0.06875
0 0.56640625 0.62421875 0.0515625 0.0625
0 0.475 0.70390625 0.05625 0.071875
0 0.50703125 0.68984375 0.0609375 0.0671875
0 0.5875 0.3875 0.0609375 0.0671875
0 0.753125 0.390625 0.0484375 0.059375
0 0.784375 0.38046875 0.053125 0.0609375
0 0.77578125 0.43203125 0.046875 0.0609375
0 0.65390625 0.5984375 0.05 0.065625
0 0.68984375 0.671875 0.053125 0.0515625
0 0.678125 0.63984375 0.0546875 0.0671875
0 0.74375 0.64375 0.0515625 0.0609375
0 0.690625 0.48671875 0.0453125 0.05
0 0.5921875 0.49453125 0.04375 0.04375
0 0.76796875 0.61875 0.0453125 0.059375