2 0.35859375 0.5828125 0.02578125 0.0234375
2 0.4046875 0.58671875 0.02578125 0.0234375
2 0.396875 0.60390625 0.0203125 0.01953125
2 0.41484375 0.621875 0.015625 0.0234375
2 0.4046875 0.62578125 0.02578125 0.0234375
2 0.42265625 0.65859375 0.03125 0.02734375
2 0.43046875 0.69296875 0.02578125 0.01953125
2 0.35859375 0.49453125 0.02578125 0.0234375
2 0.43046875 0.7140625 0.02578125 0.0234375
2 0.440625 0.7203125 0.02578125 0.01953125
2 0.7703125 0.2390625 0.02578125 0.015625
2 0.7703125 0.25078125 0.02578125 0.015625
2 0.79921875 0.24921875 0.03125 0.01953125
2 0.8328125 0.25703125 0.02578125 0.01953125
2 0.89453125 0.271875 0.02578125 0.01953125
2 0.8609375 0.26640625 0.0203125 0.015625