1 0.17890625 0.20078125 0.1125 0.059375
1 0.08359375 0.21796875 0.0609375 0.0375
1 0.08125 0.19140625 0.0421875 0.0328125
1 0.1078125 0.19921875 0.05 0.0375
1 0.11015625 0.1515625 0.0671875 0.0421875
1 0.18203125 0.1390625 0.0984375 0.046875
1 0.19296875 0.2484375 0.05 0.040625
1 0.11953125 0.24765625 0.06875 0.0421875
1 0.1515625 0.259375 0.0484375 0.03125
1 0.41796875 0.309375 0.1140625 0.065625
1 0.278125 0.18046875 0.1046875 0.0578125
1 0.29375 0.15703125 0.0859375 0.05
1 0.46875 0.3625 0.0875 0.05
1 0.503125 0.2546875 0.075 0.046875
1 0.4171875 0.21015625 0.0765625 0.046875
1 0.4609375 0.228125 0.08125 0.0484375
1 0.39140625 0.1703125 0.05625 0.0453125
1 0.35390625 0.12265625 0.0625 0.04375
1 0.3921875 0.0984375 0.05 0.04375
1 0.58046875 0.203125 0.1109375 0.05625
1 0.4890625 0.178125 0.1015625 0.05625
1 0.51328125 0.12109375 0.0953125 0.0578125
1 0.52421875 0.10234375 0.11875 0.0609375
1 0.65546875 0.15 0.09375 0.0515625
1 0.79296875 0.28671875 0.075 0.05
1 0.95390625 0.2 0.06875 0.0421875
1 0.89921875 0.18359375 0.053125 0.0328125