0 0.1234375 0.32265625 0.03671875 0.0546875
0 0.3328125 0.35546875 0.04765625 0.0546875
0 0.27265625 0.2375 0.05078125 0.04921875
0 0.47109375 0.71015625 0.04765625 0.065625
0 0.44375 0.69140625 0.04375 0.07109375
0 0.5328125 0.5625 0.0328125 0.0546875
0 0.52578125 0.51875 0.0328125 0.0546875
0 0.40703125 0.565625 0.02890625 0.06015625
0 0.4015625 0.60390625 0.03984375 0.04921875
0 0.7328125 0.4671875 0.0328125 0.04921875
0 0.61484375 0.58203125 0.03671875 0.06015625
0 0.72890625 0.58984375 0.02578125 0.0546875
0 0.72578125 0.6421875 0.0328125 0.04921875
0 0.6125 0.13671875 0.0328125 0.04375
0 0.61796875 0.171875 0.02890625 0.04921875
0 0.6109375 0.196875 0.03671875 0.04375
0 0.41484375 0.0515625 0.04375 0.06015625
0 0.34765625 0.0734375 0.03984375 0.06015625