0 0.484375 0.74921875 0.0734375 0.071875
0 0.79140625 0.5078125 0.078125 0.05625
0 0.71953125 0.23125 0.06875 0.05625
0 0.590625 0.65859375 0.0640625 0.046875
0 0.54375 0.64375 0.0625 0.0625
0 0.43203125 0.56875 0.059375 0.0703125
0 0.509375 0.57890625 0.065625 0.046875
0 0.56015625 0.56640625 0.0703125 0.0546875
0 0.42734375 0.4453125 0.0640625 0.0546875
0 0.6109375 0.515625 0.078125 0.0390625
0 0.54609375 0.50078125 0.084375 0.0484375
0 0.38828125 0.31796875 0.0734375 0.05625
0 0.3203125 0.2328125 0.0734375 0.0609375
0 0.4 0.24453125 0.065625 0.046875
0 0.47109375 0.1765625 0.0796875 0.0515625
0 0.596875 0.2765625 0.06875 0.0546875
0 0.225 0.2171875 0.0796875 0.0484375
0 0.60234375 0.46171875 0.0734375 0.05625
0 0.32421875 0.175 0.0859375 0.0515625
0 0.55390625 0.31796875 0.0609375 0.0359375