0 0.0375 0.734375 0.075 0.059375
0 0.63125 0.65234375 0.0921875 0.0671875
0 0.4265625 0.671875 0.096875 0.0578125
0 0.43203125 0.525 0.078125 0.053125
0 0.9515625 0.4703125 0.0796875 0.0609375
0 0.79765625 0.53984375 0.0765625 0.053125
0 0.66171875 0.50546875 0.0828125 0.0453125
0 0.5390625 0.4921875 0.0671875 0.05
0 0.74296875 0.58359375 0.0921875 0.0625
0 0.84609375 0.61171875 0.0765625 0.053125
0 0.95 0.6515625 0.0484375 0.04375
0 0.67890625 0.359375 0.06875 0.05625
0 0.50859375 0.26015625 0.0671875 0.053125
0 0.6171875 0.3625 0.065625 0.046875
0 0.52890625 0.321875 0.078125 0.0578125
0 0.41328125 0.421875 0.059375 0.0390625
0 0.74453125 0.45 0.059375 0.0421875
0 0.71015625 0.4390625 0.059375 0.0453125
0 0.60625 0.5421875 0.078125 0.05625
0 0.4296875 0.35 0.0671875 0.0546875
0 0.4171875 0.31484375 0.0609375 0.0515625
0 0.1109375 0.21796875 0.0953125 0.059375
0 0.27421875 0.37734375 0.065625 0.046875
0 0.30859375 0.3640625 0.0671875 0.05
0 0.3453125 0.4796875 0.078125 0.0515625
0 0.18203125 0.46640625 0.065625 0.0484375
0 0.209375 0.503125 0.0640625 0.0390625
0 0.1953125 0.48671875 0.05625 0.05
0 0.5765625 0.45625 0.0703125 0.0453125