1 0.8359375 0.82421875 0.1515625 0.1375
1 0.6609375 0.6125 0.1296875 0.1125
1 0.59765625 0.28984375 0.1078125 0.0796875
1 0.51875 0.45078125 0.1015625 0.090625
1 0.9734375 0.4921875 0.053125 0.103125
1 0.65 0.253125 0.1 0.0859375
1 0.52109375 0.26796875 0.0984375 0.096875
1 0.44140625 0.35546875 0.10625 0.090625
1 0.42734375 0.60390625 0.08125 0.075
1 0.5515625 0.6359375 0.0765625 0.06875
1 0.49765625 0.77265625 0.0921875 0.075
1 0.3328125 0.91953125 0.0671875 0.0546875
1 0.3421875 0.84921875 0.0796875 0.06875
1 0.2734375 0.82890625 0.078125 0.0515625
1 0.253125 0.78046875 0.0734375 0.05625
1 0.35703125 0.490625 0.1046875 0.084375
1 0.37109375 0.396875 0.071875 0.06875
1 0.40625 0.415625 0.0671875 0.0546875
1 0.4734375 0.11484375 0.1234375 0.096875
1 0.34296875 0.08046875 0.0828125 0.0765625
1 0.4015625 0.040625 0.0796875 0.06875
1 0.4 0.30078125 0.059375 0.04375