1 0.3578125 0.63828125 0.0234375 0.0609375
1 0.35390625 0.69453125 0.0234375 0.0546875
1 0.38125 0.65390625 0.0234375 0.0328125
1 0.36875 0.44296875 0.021875 0.0546875
1 0.31953125 0.70703125 0.025 0.0609375
1 0.29609375 0.62890625 0.0265625 0.0546875
1 0.3890625 0.61796875 0.021875 0.0546875
1 0.353125 0.57109375 0.0265625 0.0609375
1 0.30078125 0.79140625 0.0265625 0.0609375
1 0.30390625 0.715625 0.021875 0.0546875
1 0.27890625 0.84296875 0.03125 0.0609375
1 0.28125 0.78671875 0.0234375 0.0546875
1 0.265625 0.81875 0.0234375 0.0546875
1 0.25078125 0.8171875 0.028125 0.040625
1 0.265625 0.65859375 0.0203125 0.0546875
1 0.25546875 0.65703125 0.0234375 0.0546875
1 0.2921875 0.68125 0.0296875 0.0546875
1 0.21171875 0.66953125 0.015625 0.0359375
1 0.35390625 0.50078125 0.0234375 0.0546875
1 0.4078125 0.5203125 0.0203125 0.0546875
1 0.40234375 0.50625 0.01875 0.040625
1 0.39453125 0.4859375 0.0234375 0.0421875
1 0.3796875 0.384375 0.025 0.040625
1 0.31484375 0.51015625 0.0203125 0.0421875
1 0.31875 0.5609375 0.01875 0.0484375
1 0.3359375 0.44296875 0.021875 0.046875
1 0.35078125 0.42734375 0.0203125 0.0421875
1 0.3515625 0.3578125 0.0265625 0.046875
1 0.33359375 0.359375 0.025 0.0546875
1 0.31875 0.34453125 0.0296875 0.04375
1 0.32265625 0.41171875 0.0265625 0.040625
1 0.2984375 0.465625 0.01875 0.046875
1 0.31484375 0.4703125 0.0234375 0.040625
1 0.275 0.58359375 0.021875 0.0484375
1 0.2546875 0.54453125 0.0234375 0.0546875
1 0.29296875 0.5421875 0.0265625 0.0546875
1 0.22109375 0.61015625 0.0234375 0.0484375
1 0.19296875 0.69375 0.01875 0.0484375
1 0.234375 0.53203125 0.025 0.0328125
1 0.26171875 0.71484375 0.028125 0.046875
1 0.21953125 0.76640625 0.021875 0.040625
1 0.23046875 0.775 0.0234375 0.0421875
1 0.2515625 0.7671875 0.0234375 0.034375
1 0.19765625 0.6046875 0.021875 0.0421875
1 0.26328125 0.49140625 0.0234375 0.040625
1 0.26171875 0.46484375 0.0265625 0.0546875
1 0.23203125 0.41875 0.03125 0.0609375
1 0.225 0.47109375 0.0265625 0.0484375
1 0.2796875 0.41328125 0.0265625 0.0546875
1 0.15234375 0.6328125 0.028125 0.0546875