1 0.08125 0.709375 0.04453125 0.075
1 0.225 0.68515625 0.06640625 0.09140625
1 0.30234375 0.79296875 0.0515625 0.08046875
1 0.38359375 0.84140625 0.059375 0.08046875
1 0.4578125 0.7796875 0.059375 0.075
1 0.29296875 0.4703125 0.04765625 0.08046875
1 0.19375 0.52421875 0.04765625 0.08046875
1 0.15703125 0.521875 0.04765625 0.075
1 0.13828125 0.42734375 0.05546875 0.08046875
1 0.1234375 0.36796875 0.05546875 0.09140625
1 0.14921875 0.2609375 0.0703125 0.10234375
1 0.2140625 0.28515625 0.0515625 0.0859375
1 0.2546875 0.25234375 0.059375 0.1078125
1 0.36015625 0.11015625 0.05546875 0.09140625
1 0.41484375 0.1453125 0.0625 0.1078125
1 0.33984375 0.34375 0.0515625 0.096875
1 0.47421875 0.2953125 0.07734375 0.1078125
1 0.51484375 0.209375 0.0625 0.096875
1 0.5625 0.1609375 0.0625 0.0859375
1 0.5609375 0.40625 0.06640625 0.08046875
1 0.7046875 0.2875 0.059375 0.09140625
1 0.671875 0.55390625 0.059375 0.0859375
1 0.67734375 0.51640625 0.04765625 0.0859375
1 0.715625 0.65859375 0.059375 0.10234375
1 0.76953125 0.690625 0.05546875 0.10234375
1 0.8765625 0.65859375 0.05546875 0.10234375
1 0.90625 0.50234375 0.05546875 0.10234375
1 0.76953125 0.3734375 0.05546875 0.09140625
1 0.83046875 0.38984375 0.06640625 0.10234375