0 0.2453125 0.5515625 0.02734375 0.04140625
0 0.20625 0.56953125 0.02734375 0.04609375
0 0.378125 0.5203125 0.0234375 0.0515625
0 0.48671875 0.5875 0.03125 0.0515625
0 0.46875 0.4328125 0.02734375 0.04140625
0 0.5734375 0.29375 0.0421875 0.0515625
0 0.771875 0.27578125 0.03828125 0.05703125
0 0.7859375 0.825 0.02734375 0.04140625
0 0.859375 0.87109375 0.034375 0.04140625
0 0.90546875 0.6671875 0.02734375 0.02578125
0 0.89375 0.68046875 0.034375 0.03125
0 0.140625 0.778125 0.034375 0.04140625
0 0.2875 0.86328125 0.034375 0.0359375
0 0.26796875 0.21171875 0.01953125 0.04140625
0 0.2796875 0.190625 0.034375 0.04140625
0 0.140625 0.35546875 0.034375 0.0515625
0 0.85546875 0.353125 0.02734375 0.0359375
0 0.4359375 0.25 0.0234375 0.0359375
0 0.29375 0.06171875 0.03125 0.04140625
0 0.30078125 0.0359375 0.03125 0.04140625
0 0.3609375 0.90234375 0.02734375 0.04140625
0 0.3203125 0.8890625 0.03125 0.04609375
0 0.29375 0.734375 0.0234375 0.0359375
0 0.246875 0.6984375 0.03125 0.0359375
0 0.86484375 0.7734375 0.03125 0.04140625