1 0.5765625 0.76328125 0.1328125 0.0515625
1 0.51484375 0.7671875 0.1265625 0.0546875
1 0.42109375 0.5765625 0.109375 0.0765625
1 0.44296875 0.640625 0.0875 0.065625
1 0.40546875 0.64453125 0.1 0.065625
1 0.53046875 0.6796875 0.1015625 0.071875
1 0.31015625 0.5265625 0.1171875 0.0765625
1 0.7109375 0.80546875 0.0859375 0.0625
1 0.34453125 0.478125 0.0921875 0.059375
1 0.35546875 0.43359375 0.1140625 0.065625
1 0.2703125 0.48671875 0.1046875 0.0515625
1 0.403125 0.4109375 0.0984375 0.0515625
1 0.3671875 0.36640625 0.0953125 0.04375
1 0.35625 0.38984375 0.1109375 0.05625
1 0.21640625 0.41875 0.10625 0.0625
1 0.22890625 0.3921875 0.11875 0.0515625
1 0.4890625 0.35703125 0.10625 0.0609375
1 0.51171875 0.43125 0.1078125 0.0671875
1 0.43203125 0.33046875 0.1125 0.0578125
1 0.4875 0.303125 0.096875 0.0546875
1 0.57890625 0.3390625 0.078125 0.05625
1 0.63046875 0.4375 0.125 0.0578125
1 0.5859375 0.27734375 0.128125 0.0796875
1 0.48125 0.175 0.1109375 0.05
1 0.48125 0.19921875 0.134375 0.0640625
1 0.4640625 0.12890625 0.1171875 0.059375
1 0.4265625 0.0921875 0.1078125 0.0671875
1 0.49140625 0.034375 0.1125 0.0640625
1 0.61796875 0.19921875 0.1234375 0.0734375
1 0.7078125 0.353125 0.1046875 0.05
1 0.590625 0.521875 0.0765625 0.05
1 0.73828125 0.60859375 0.1109375 0.05
1 0.75078125 0.58046875 0.1390625 0.0578125
1 0.64921875 0.55859375 0.103125 0.046875
1 0.8640625 0.596875 0.109375 0.04375
1 0.53515625 0.62734375 0.1046875 0.05
1 0.73984375 0.55625 0.0984375 0.05625
1 0.68359375 0.53046875 0.11875 0.0453125
1 0.7265625 0.509375 0.0984375 0.0484375
1 0.6359375 0.49140625 0.0671875 0.0359375
1 0.72578125 0.4765625 0.084375 0.05
1 0.909375 0.58359375 0.0984375 0.05625
1 0.8375 0.53828125 0.084375 0.059375
1 0.82109375 0.47109375 0.0984375 0.053125
1 0.81484375 0.41953125 0.0703125 0.05625
1 0.72578125 0.45078125 0.0765625 0.04375
1 0.8765625 0.44140625 0.08125 0.0375
1 0.9609375 0.2640625 0.078125 0.065625
1 0.81171875 0.17109375 0.1328125 0.05625
1 0.27578125 0.57890625 0.1234375 0.0796875