1 0.3046875 0.41640625 0.025 0.0375
1 0.27578125 0.44765625 0.025 0.0453125
1 0.271875 0.48125 0.0296875 0.0515625
1 0.3203125 0.46640625 0.0265625 0.05625
1 0.33046875 0.36015625 0.0234375 0.0453125
1 0.35078125 0.39140625 0.025 0.0375
1 0.359375 0.42421875 0.0203125 0.0328125
1 0.41953125 0.40234375 0.025 0.0375
1 0.22109375 0.515625 0.021875 0.0453125
1 0.240625 0.67421875 0.0234375 0.05625
1 0.18125 0.45234375 0.0203125 0.0453125
1 0.22578125 0.45 0.028125 0.040625
1 0.30703125 0.62265625 0.0296875 0.046875
1 0.32421875 0.56484375 0.028125 0.0453125
1 0.42734375 0.6078125 0.028125 0.046875
1 0.43828125 0.4953125 0.0234375 0.0453125
1 0.46484375 0.5171875 0.0265625 0.034375
1 0.41640625 0.290625 0.0234375 0.0375
1 0.4484375 0.31484375 0.0296875 0.0328125
1 0.46796875 0.4140625 0.028125 0.040625
1 0.4921875 0.50078125 0.01875 0.0328125
1 0.49375 0.56875 0.028125 0.046875
1 0.3671875 0.31875 0.021875 0.03125
1 0.303125 0.3234375 0.025 0.0375
1 0.42578125 0.740625 0.025 0.0515625
1 0.70234375 0.825 0.0296875 0.040625
1 0.653125 0.6640625 0.025 0.0390625
1 0.65078125 0.73515625 0.028125 0.046875
1 0.625 0.44765625 0.021875 0.04375
1 0.6296875 0.4625 0.021875 0.0375
1 0.53671875 0.65 0.0203125 0.0328125
1 0.72265625 0.6953125 0.0296875 0.0453125
1 0.6875 0.690625 0.021875 0.0375
1 0.66953125 0.76015625 0.021875 0.0375