2 0.32109375 0.92265625 0.1390625 0.1046875
2 0.91796875 0.671875 0.1484375 0.09375
2 0.79609375 0.65546875 0.128125 0.09375
2 0.68828125 0.64140625 0.14375 0.10625
2 0.5890625 0.61640625 0.1140625 0.0796875
2 0.0375 0.4078125 0.075 0.09375
2 0.08125 0.1546875 0.0921875 0.0796875
2 0.09375 0.75859375 0.1203125 0.0765625
2 0.1828125 0.71015625 0.103125 0.065625
2 0.26640625 0.6453125 0.1078125 0.09375
2 0.33359375 0.38515625 0.13125 0.115625
2 0.3796875 0.6203125 0.1296875 0.0765625
2 0.5609375 0.17734375 0.1046875 0.10625
2 0.69375 0.42421875 0.109375 0.0828125
2 0.7671875 0.375 0.1171875 0.084375
2 0.75859375 0.315625 0.1515625 0.121875
2 0.65078125 0.2640625 0.1125 0.0953125