2 0.33125 0.7328125 0.0703125 0.08125
2 0.225 0.865625 0.071875 0.0984375
2 0.18984375 0.82578125 0.0671875 0.0859375
2 0.27734375 0.79296875 0.0609375 0.0859375
2 0.15234375 0.8296875 0.0671875 0.0859375
2 0.2265625 0.76015625 0.0640625 0.0859375
2 0.21328125 0.73515625 0.0625 0.075
2 0.42265625 0.5296875 0.0703125 0.075
2 0.1640625 0.76171875 0.0703125 0.071875
2 0.39140625 0.68359375 0.065625 0.0796875
2 0.38203125 0.62265625 0.0609375 0.0734375
2 0.29140625 0.69453125 0.06875 0.075
2 0.30390625 0.6265625 0.06875 0.0703125
2 0.325 0.59765625 0.0578125 0.0578125
2 0.3359375 0.77578125 0.065625 0.075
2 0.38828125 0.7328125 0.0671875 0.08125
2 0.3671875 0.79375 0.065625 0.084375
2 0.409375 0.7484375 0.0546875 0.078125
2 0.296875 0.89453125 0.0703125 0.0796875
2 0.33828125 0.84921875 0.0609375 0.0734375
2 0.39609375 0.8265625 0.0578125 0.0734375
2 0.49921875 0.684375 0.0546875 0.0734375
2 0.48671875 0.7296875 0.0703125 0.08125
2 0.4765625 0.75 0.0609375 0.059375
2 0.51328125 0.74296875 0.0703125 0.1171875
2 0.4234375 0.6421875 0.0609375 0.0734375
2 0.48046875 0.59140625 0.0484375 0.0796875
2 0.49140625 0.61640625 0.0609375 0.0828125
2 0.48125 0.521875 0.0578125 0.0671875
2 0.48984375 0.4671875 0.0703125 0.0796875
2 0.52890625 0.45234375 0.0765625 0.08125
2 0.55 0.47890625 0.0703125 0.071875
2 0.52734375 0.56953125 0.059375 0.078125
2 0.56171875 0.61015625 0.0625 0.078125
2 0.57421875 0.63984375 0.0625 0.06875
2 0.6109375 0.6359375 0.071875 0.090625
2 0.58203125 0.54140625 0.0640625 0.0796875
2 0.56875 0.52421875 0.0671875 0.0875
2 0.6109375 0.571875 0.0625 0.096875
2 0.63046875 0.584375 0.06875 0.090625
2 0.65 0.5125 0.065625 0.096875
2 0.67421875 0.51953125 0.0546875 0.0671875
2 0.66796875 0.5546875 0.053125 0.0640625
2 0.58828125 0.44140625 0.0546875 0.05625
2 0.63359375 0.3890625 0.06875 0.06875
2 0.665625 0.41171875 0.06875 0.0703125
2 0.6671875 0.4421875 0.0671875 0.075
2 0.70859375 0.459375 0.0640625 0.0890625
2 0.78046875 0.32734375 0.059375 0.078125
2 0.80234375 0.3796875 0.0859375 0.109375
2 0.75078125 0.3140625 0.0703125 0.075
2 0.76953125 0.2609375 0.0640625 0.0859375
2 0.81015625 0.27734375 0.053125 0.0671875
2 0.825 0.303125 0.0578125 0.06875
2 0.85546875 0.25859375 0.065625 0.08125
2 0.85234375 0.21015625 0.0578125 0.084375
2 0.6359375 0.34140625 0.053125 0.0640625
2 0.8828125 0.6890625 0.075 0.090625
2 0.84921875 0.6234375 0.0765625 0.109375