1 0.25234375 0.89609375 0.1125 0.13125
1 0.4234375 0.68046875 0.090625 0.11484375
1 0.72578125 0.5515625 0.06171875 0.0984375
1 0.55234375 0.5078125 0.07265625 0.0875
1 0.60703125 0.9703125 0.09453125 0.04921875
1 0.77265625 0.5953125 0.06875 0.0875
1 0.73125 0.47265625 0.0796875 0.08203125
1 0.62890625 0.4125 0.07265625 0.09296875
1 0.38359375 0.45078125 0.06171875 0.07109375
1 0.378125 0.57890625 0.0578125 0.065625
1 0.2328125 0.5546875 0.0578125 0.08203125
1 0.0546875 0.4234375 0.04375 0.06015625
1 0.12578125 0.41796875 0.0546875 0.07109375
1 0.13125 0.346875 0.03671875 0.07109375
1 0.17421875 0.3171875 0.04375 0.065625
1 0.4796875 0.3578125 0.065625 0.09296875
1 0.57421875 0.35234375 0.0578125 0.06015625
1 0.56328125 0.390625 0.04375 0.06015625
1 0.87109375 0.39375 0.0765625 0.109375
1 0.878125 0.259375 0.06171875 0.07109375
1 0.92890625 0.30859375 0.0546875 0.07109375
1 0.67421875 0.3609375 0.0328125 0.0546875