2 0.92421875 0.61875 0.1515625 0.13125
2 0.7671875 0.6640625 0.175 0.140625
2 0.71015625 0.55390625 0.196875 0.1515625
2 0.5140625 0.59453125 0.15 0.1296875
2 0.6234375 0.65234375 0.1125 0.096875
2 0.6953125 0.71484375 0.0875 0.0765625
2 0.6671875 0.50703125 0.1640625 0.1078125
2 0.55234375 0.46875 0.19375 0.15625
2 0.7265625 0.759375 0.103125 0.08125
2 0.82734375 0.86875 0.115625 0.0921875
2 0.8140625 0.840625 0.08125 0.075
2 0.2078125 0.684375 0.1140625 0.1
2 0.2671875 0.6265625 0.128125 0.1046875
2 0.15 0.6421875 0.10625 0.0921875
2 0.334375 0.5390625 0.2 0.1703125
2 0.55234375 0.41796875 0.1640625 0.1
2 0.0703125 0.46875 0.1328125 0.121875
2 0.0546875 0.18984375 0.109375 0.1234375
2 0.0140625 0.3546875 0.028125 0.090625
2 0.184375 0.434375 0.178125 0.1625
2 0.33125 0.42734375 0.1921875 0.1546875
2 0.25703125 0.38515625 0.1265625 0.0984375
2 0.2078125 0.33359375 0.165625 0.1140625
2 0.059375 0.321875 0.11875 0.128125
2 0.0609375 0.28046875 0.121875 0.1046875
2 0.0234375 0.253125 0.046875 0.090625
2 0.6984375 0.32578125 0.196875 0.184375