2 0.284375 0.421875 0.115625 0.10703125
2 0.93125 0.22421875 0.10234375 0.0578125
2 0.8375 0.28671875 0.084375 0.07578125
2 0.74921875 0.3 0.1109375 0.10234375
2 0.6890625 0.35546875 0.10703125 0.09765625
2 0.5734375 0.4578125 0.07109375 0.07109375
2 0.515625 0.5578125 0.07109375 0.07578125
2 0.3046875 0.72890625 0.084375 0.0796875
2 0.353125 0.6953125 0.07578125 0.07578125
2 0.3953125 0.6421875 0.09765625 0.084375
2 0.4109375 0.5640625 0.10234375 0.10703125
2 0.45546875 0.51328125 0.1109375 0.10234375
2 0.646875 0.43984375 0.0578125 0.053125