1 0.6140625 0.83515625 0.08671875 0.14296875
1 0.29765625 0.70078125 0.0828125 0.1046875
1 0.3265625 0.6375 0.090625 0.13203125
1 0.28359375 0.55234375 0.06875 0.115625
1 0.62421875 0.53828125 0.06484375 0.13203125
1 0.6046875 0.46171875 0.06875 0.14296875
1 0.653125 0.365625 0.0796875 0.1265625
1 0.60625 0.28828125 0.0796875 0.1046875
1 0.39375 0.43671875 0.06484375 0.115625
1 0.33203125 0.40625 0.071875 0.11015625
1 0.39140625 0.315625 0.06875 0.09375
1 0.55078125 0.4453125 0.06875 0.0765625
1 0.4859375 0.41484375 0.06875 0.09375
1 0.44375 0.3953125 0.06484375 0.09921875
1 0.5234375 0.23359375 0.06484375 0.115625
1 0.44609375 0.2609375 0.06171875 0.115625