1 0.6921875 0.10546875 0.040625 0.109375
1 0.646875 0.02421875 0.028125 0.0484375
1 0.67265625 0.0140625 0.0265625 0.028125
1 0.67265625 0.0375 0.0296875 0.0453125
1 0.71875 0.028125 0.03125 0.05625
1 0.75234375 0.08984375 0.0296875 0.096875
1 0.65078125 0.1328125 0.0328125 0.0453125
1 0.6296875 0.0625 0.03125 0.065625
1 0.628125 0.096875 0.0234375 0.0453125
1 0.6578125 0.365625 0.046875 0.109375
1 0.740625 0.19453125 0.0390625 0.1015625
1 0.76796875 0.203125 0.0359375 0.0828125
1 0.62265625 0.43046875 0.0359375 0.084375
1 0.7359375 0.43125 0.034375 0.0703125
1 0.75234375 0.3359375 0.034375 0.071875
1 0.74921875 0.3828125 0.0359375 0.078125
1 0.78359375 0.3 0.0375 0.0515625
1 0.81796875 0.25 0.034375 0.0578125
1 0.85234375 0.2796875 0.0359375 0.0453125
1 0.8078125 0.48984375 0.0375 0.1078125
1 0.8046875 0.3953125 0.0390625 0.096875
1 0.86640625 0.4015625 0.0421875 0.090625
1 0.88671875 0.40703125 0.040625 0.115625
1 0.88046875 0.546875 0.0359375 0.090625
1 0.78984375 0.71796875 0.0375 0.0703125
1 0.91953125 0.846875 0.03125 0.065625
1 0.91953125 0.7890625 0.025 0.0515625