0 0.6234375 0.728125 0.046875 0.0390625
0 0.65234375 0.7609375 0.0515625 0.040625
0 0.5546875 0.6109375 0.0578125 0.0390625
0 0.5875 0.4875 0.05625 0.04375
0 0.44453125 0.54921875 0.046875 0.0390625
0 0.28125 0.48984375 0.059375 0.053125
0 0.20625 0.30546875 0.065625 0.053125
0 0.72734375 0.13125 0.046875 0.0390625
0 0.75 0.04765625 0.05 0.0453125
0 0.54140625 0.06328125 0.03125 0.0328125
0 0.5578125 0.0703125 0.040625 0.0421875
0 0.87109375 0.7625 0.0484375 0.0453125
0 0.909375 0.596875 0.04375 0.04375
0 0.2921875 0.80625 0.046875 0.03125
0 0.26875 0.80078125 0.0484375 0.0453125
0 0.4671875 0.8859375 0.059375 0.0484375
0 0.25546875 0.203125 0.04375 0.0359375
0 0.2796875 0.634375 0.0421875 0.03125
0 0.14140625 0.825 0.05 0.0421875
0 0.11484375 0.8265625 0.0484375 0.0421875
0 0.92578125 0.515625 0.0484375 0.0390625
0 0.92421875 0.5578125 0.0546875 0.04375
0 0.784375 0.62890625 0.04375 0.034375
0 0.7640625 0.684375 0.0421875 0.040625
0 0.6546875 0.07109375 0.0484375 0.0421875