1 0.3203125 0.30625 0.046875 0.07734375
1 0.30703125 0.4078125 0.046875 0.07734375
1 0.33203125 0.50859375 0.04296875 0.0890625
1 0.38984375 0.69921875 0.0265625 0.05390625
1 0.3984375 0.63125 0.03671875 0.059375
1 0.38671875 0.54140625 0.03359375 0.07109375
1 0.4546875 0.7234375 0.0296875 0.0890625
1 0.46171875 0.63671875 0.03671875 0.07109375
1 0.5 0.64296875 0.046875 0.08359375
1 0.45859375 0.5859375 0.05 0.065625
1 0.4015625 0.41953125 0.03671875 0.05390625
1 0.43984375 0.5265625 0.046875 0.065625
1 0.46328125 0.496875 0.03984375 0.05390625
1 0.4296875 0.38984375 0.03984375 0.07734375
1 0.4515625 0.26796875 0.03671875 0.07109375
1 0.4796875 0.39296875 0.03984375 0.07109375
1 0.51328125 0.36328125 0.03984375 0.059375
1 0.5546875 0.39296875 0.03671875 0.04765625
1 0.5 0.4765625 0.046875 0.059375
1 0.521875 0.51171875 0.04296875 0.059375
1 0.5296875 0.58359375 0.03984375 0.07109375
1 0.58515625 0.60390625 0.03671875 0.07734375
1 0.60859375 0.63984375 0.05703125 0.05390625
1 0.61015625 0.67578125 0.046875 0.05390625
1 0.678125 0.49375 0.05 0.059375
1 0.60859375 0.503125 0.03671875 0.07734375
1 0.66640625 0.440625 0.03984375 0.059375
1 0.596875 0.440625 0.03359375 0.04765625
1 0.6 0.4140625 0.0265625 0.05390625
1 0.6046875 0.315625 0.04296875 0.04765625
1 0.61015625 0.2734375 0.03359375 0.04765625
1 0.6265625 0.3484375 0.03984375 0.065625
1 0.66328125 0.33359375 0.046875 0.07109375
1 0.678125 0.23828125 0.05 0.07109375