2 0.06171875 0.61171875 0.090625 0.075
2 0.271875 0.54921875 0.075 0.059375
2 0.28203125 0.57578125 0.0703125 0.0546875
2 0.3375 0.57421875 0.078125 0.075
2 0.39375 0.47421875 0.065625 0.0609375
2 0.4171875 0.55234375 0.0546875 0.05
2 0.90390625 0.325 0.0625 0.0640625
2 0.625 0.6953125 0.0578125 0.0578125
2 0.515625 0.54296875 0.0671875 0.0671875
2 0.665625 0.52109375 0.0796875 0.065625
2 0.5703125 0.53203125 0.05625 0.05
2 0.71640625 0.5125 0.0625 0.0625
2 0.7703125 0.5109375 0.0640625 0.053125
2 0.93046875 0.4734375 0.0609375 0.0546875