2 0.440625 0.34765625 0.025 0.0296875
2 0.42890625 0.3921875 0.0265625 0.028125
2 0.41328125 0.38203125 0.0234375 0.021875
2 0.39296875 0.396875 0.0265625 0.01875
2 0.390625 0.3859375 0.0265625 0.028125
2 0.35546875 0.3984375 0.03125 0.034375
2 0.3203125 0.40078125 0.0234375 0.0296875
2 0.52734375 0.3609375 0.0265625 0.0296875
2 0.29921875 0.39765625 0.025 0.0296875
2 0.29140625 0.40703125 0.021875 0.028125
2 0.715625 0.8078125 0.01875 0.0265625
2 0.70390625 0.80625 0.01875 0.0265625
2 0.70078125 0.83515625 0.025 0.034375
2 0.68828125 0.86640625 0.0234375 0.028125
2 0.66328125 0.925 0.0234375 0.0296875
2 0.67421875 0.89296875 0.01875 0.0234375