2 0.1078125 0.2421875 0.03828125 0.0515625
2 0.12734375 0.28359375 0.03828125 0.0515625
2 0.15234375 0.25234375 0.034375 0.04140625
2 0.15078125 0.309375 0.03828125 0.04140625
2 0.17578125 0.325 0.034375 0.04140625
2 0.17734375 0.2703125 0.03828125 0.04609375
2 0.20078125 0.27578125 0.03125 0.04609375
2 0.22421875 0.28359375 0.03828125 0.0515625
2 0.9171875 0.71875 0.0421875 0.0671875
2 0.97109375 0.440625 0.05 0.05703125
2 0.52890625 0.40234375 0.03125 0.04140625
2 0.5484375 0.41015625 0.03125 0.0359375
2 0.61796875 0.4203125 0.03125 0.04609375
2 0.65625 0.4203125 0.04609375 0.04609375
2 0.73203125 0.43046875 0.02734375 0.0359375
2 0.70234375 0.43046875 0.0234375 0.0359375
2 0.7046875 0.46640625 0.0578125 0.04609375
2 0.42109375 0.4484375 0.03125 0.04140625
2 0.43984375 0.45390625 0.03125 0.04140625
2 0.459375 0.45390625 0.03125 0.04140625