1 0.09921875 0.396875 0.1609375 0.1046875
1 0.05859375 0.4953125 0.1125 0.1109375
1 0.303125 0.97421875 0.15625 0.0515625
1 0.45 0.98671875 0.13125 0.0265625
1 0.22421875 0.83671875 0.1734375 0.1296875
1 0.28515625 0.73125 0.190625 0.1578125
1 0.34453125 0.7734375 0.1359375 0.1171875
1 0.57265625 0.9 0.2015625 0.1484375
1 0.20078125 0.446875 0.146875 0.11875
1 0.41796875 0.6234375 0.15625 0.1453125
1 0.73125 0.7953125 0.1640625 0.1265625
1 0.6453125 0.6796875 0.128125 0.1328125
1 0.5125 0.56015625 0.134375 0.128125
1 0.24296875 0.1515625 0.146875 0.1046875
1 0.31171875 0.184375 0.1390625 0.0890625
1 0.23359375 0.31171875 0.1234375 0.109375
1 0.303125 0.3703125 0.1390625 0.0890625
1 0.26796875 0.25546875 0.1265625 0.08125
1 0.46796875 0.05390625 0.1265625 0.10625
1 0.33203125 0.31875 0.153125 0.1140625
1 0.415625 0.22421875 0.1359375 0.1046875
1 0.425 0.31171875 0.1125 0.10625
1 0.528125 0.22734375 0.1203125 0.1046875
1 0.615625 0.11640625 0.1234375 0.109375
1 0.73359375 0.021875 0.1140625 0.04375
1 0.7734375 0.04296875 0.121875 0.0796875
1 0.771875 0.16171875 0.125 0.1171875
1 0.51015625 0.3875 0.171875 0.1109375
1 0.64609375 0.42890625 0.15 0.1296875
1 0.54140625 0.45546875 0.1484375 0.1
1 0.63359375 0.51875 0.1734375 0.11875
1 0.7109375 0.64140625 0.1484375 0.1296875
1 0.8046875 0.6109375 0.1484375 0.1140625
1 0.90625 0.48203125 0.1875 0.1453125
1 0.91484375 0.66875 0.1703125 0.15625