0 0.83125 0.19453125 0.05 0.0421875
0 0.78359375 0.09296875 0.040625 0.0359375
0 0.809375 0.08359375 0.05 0.0421875
0 0.86171875 0.3953125 0.05625 0.0453125
0 0.65625 0.15 0.0578125 0.040625
0 0.56015625 0.1515625 0.05 0.04375
0 0.45703125 0.07734375 0.0484375 0.03125
0 0.371875 0.12265625 0.0484375 0.034375
0 0.3515625 0.16640625 0.053125 0.0390625
0 0.08828125 0.22109375 0.0515625 0.0328125
0 0.7421875 0.45078125 0.0484375 0.034375
0 0.58984375 0.3828125 0.0359375 0.028125
0 0.30078125 0.1125 0.0484375 0.03125
0 0.00703125 0.51953125 0.0140625 0.0296875
0 0.2625 0.28515625 0.04375 0.03125
0 0.09765625 0.28359375 0.04375 0.034375
0 0.25 0.63359375 0.0484375 0.034375
0 0.06015625 0.57578125 0.059375 0.046875
0 0.0953125 0.6375 0.053125 0.0359375
0 0.046875 0.27265625 0.0375 0.0359375
0 0.1359375 0.4921875 0.05 0.0375
0 0.3203125 0.22109375 0.04375 0.034375
0 0.8125 0.3234375 0.05 0.0375
0 0.575 0.35859375 0.04375 0.034375
0 0.71953125 0.3484375 0.0421875 0.0328125
0 0.56328125 0.49140625 0.04375 0.034375
0 0.2140625 0.09296875 0.053125 0.0390625
0 0.07890625 0.5953125 0.04375 0.0359375
0 0.11015625 0.615625 0.0625 0.0453125
0 0.4671875 0.2203125 0.05625 0.0453125
0 0.23828125 0.71015625 0.05625 0.0421875
0 0.15234375 0.75390625 0.05625 0.0421875
0 0.328125 0.8796875 0.05 0.0375
0 0.3421875 0.8875 0.05 0.0375
0 0.26875 0.4921875 0.0453125 0.0375
0 0.325 0.53671875 0.04375 0.034375
0 0.65859375 0.41953125 0.0546875 0.0359375
0 0.2359375 0.54140625 0.0546875 0.0453125
0 0.171875 0.52421875 0.0484375 0.03125
0 0.0359375 0.36640625 0.0375 0.0328125
0 0.30234375 0.6515625 0.0421875 0.0296875
0 0.4765625 0.4515625 0.0390625 0.0296875
0 0.42265625 0.303125 0.0484375 0.034375
0 0.88125 0.41640625 0.05 0.04375
0 0.3015625 0.5890625 0.0515625 0.0453125
0 0.1046875 0.459375 0.05 0.0390625
0 0.2546875 0.21171875 0.0671875 0.0484375
0 0.28671875 0.37265625 0.0515625 0.046875
0 0.56484375 0.3046875 0.0484375 0.034375
0 0.57421875 0.31953125 0.05 0.0390625