0 0.07578125 0.6515625 0.0484375 0.0390625
0 0.0796875 0.7640625 0.0390625 0.0328125
0 0.05234375 0.7625 0.0484375 0.0390625
0 0.12578125 0.4546875 0.0546875 0.0421875
0 0.21953125 0.7609375 0.05625 0.0359375
0 0.3078125 0.796875 0.0484375 0.040625
0 0.375 0.90546875 0.046875 0.028125
0 0.4703125 0.896875 0.046875 0.03125
0 0.50625 0.86484375 0.0515625 0.0359375
0 0.7703125 0.91796875 0.0515625 0.0296875
0 0.2578125 0.45078125 0.046875 0.03125
0 0.37109375 0.57265625 0.034375 0.0265625
0 0.53125 0.934375 0.046875 0.028125
0 0.9671875 0.67578125 0.025 0.028125
0 0.63515625 0.790625 0.0421875 0.028125
0 0.7859375 0.85625 0.0421875 0.03125
0 0.78203125 0.475 0.046875 0.03125
0 0.934375 0.60234375 0.0578125 0.0421875
0 0.92578125 0.53125 0.0515625 0.0328125
0 0.828125 0.88671875 0.0359375 0.034375
0 0.83203125 0.64921875 0.046875 0.034375
0 0.55625 0.8265625 0.0421875 0.03125
0 0.14296875 0.53984375 0.046875 0.034375
0 0.37578125 0.60078125 0.0421875 0.03125
0 0.23828125 0.553125 0.040625 0.03125
0 0.43828125 0.4828125 0.0421875 0.03125
0 0.60390625 0.984375 0.0515625 0.03125
0 0.92109375 0.89765625 0.0484375 0.040625
0 0.92421875 0.5765625 0.0421875 0.034375
0 0.90390625 0.54609375 0.0609375 0.040625
0 0.42109375 0.7703125 0.0546875 0.0421875
0 0.82265625 0.40859375 0.0546875 0.0390625
0 0.91875 0.4015625 0.0546875 0.0390625
0 0.80625 0.21796875 0.046875 0.034375
0 0.796875 0.20546875 0.046875 0.034375
0 0.71015625 0.59765625 0.04375 0.0359375
0 0.67578125 0.53515625 0.0421875 0.03125
0 0.32265625 0.5125 0.053125 0.0328125
0 0.759375 0.56484375 0.053125 0.0421875
0 0.81171875 0.60625 0.046875 0.028125
0 0.875 0.8046875 0.0359375 0.0296875
0 0.740625 0.4375 0.040625 0.028125
0 0.50234375 0.553125 0.0375 0.0265625
0 0.49453125 0.7109375 0.046875 0.03125
0 0.11640625 0.428125 0.0484375 0.040625
0 0.7171875 0.4953125 0.0484375 0.0421875
0 0.84765625 0.6921875 0.0484375 0.0359375
0 0.6125 0.8609375 0.065625 0.04375
0 0.64609375 0.7 0.0484375 0.04375
0 0.3640625 0.65390625 0.046875 0.03125
0 0.3609375 0.63671875 0.0484375 0.0359375