1 0.25390625 0.62109375 0.03046875 0.12890625
1 0.2390625 0.5609375 0.03359375 0.12109375
1 0.4109375 0.4359375 0.0609375 0.1
1 0.3515625 0.46796875 0.053125 0.07890625
1 0.34140625 0.43203125 0.05 0.09296875
1 0.328125 0.5609375 0.05546875 0.09296875
1 0.440625 0.31796875 0.05859375 0.10703125
1 0.2359375 0.7609375 0.05 0.07890625
1 0.49453125 0.34296875 0.04453125 0.0859375
1 0.540625 0.34609375 0.046875 0.10703125
1 0.4734375 0.27109375 0.0359375 0.1
1 0.57109375 0.3890625 0.0359375 0.09296875
1 0.60859375 0.34609375 0.028125 0.09296875
1 0.58359375 0.3390625 0.0390625 0.10703125
1 0.53046875 0.20703125 0.04453125 0.1
1 0.559375 0.2140625 0.03046875 0.1140625
1 0.6390625 0.4640625 0.04453125 0.1
1 0.56953125 0.5 0.05 0.1
1 0.65546875 0.40390625 0.0390625 0.10703125
1 0.69140625 0.45390625 0.0390625 0.09296875
1 0.671875 0.55 0.04453125 0.07109375
1 0.584375 0.61796875 0.0359375 0.12109375
1 0.734375 0.54609375 0.05859375 0.12109375
1 0.81640625 0.425 0.03359375 0.10703125
1 0.79296875 0.42890625 0.04140625 0.12890625
1 0.859375 0.4 0.04140625 0.1140625
1 0.8890625 0.35703125 0.05 0.1
1 0.95703125 0.4109375 0.046875 0.10703125
1 0.81640625 0.5640625 0.05546875 0.1140625
1 0.68046875 0.67890625 0.03359375 0.1
1 0.49453125 0.59296875 0.0390625 0.07109375
1 0.434375 0.75390625 0.03046875 0.10703125
1 0.4640625 0.7609375 0.03359375 0.1359375
1 0.46796875 0.65703125 0.03046875 0.1
1 0.46796875 0.875 0.025 0.10703125
1 0.38046875 0.55703125 0.03359375 0.1
1 0.4859375 0.74609375 0.0390625 0.09296875
1 0.5015625 0.6859375 0.025 0.1140625
1 0.53046875 0.725 0.03359375 0.09296875
1 0.53203125 0.63203125 0.025 0.0640625
1 0.5625 0.71796875 0.0359375 0.07890625
1 0.4890625 0.91796875 0.0390625 0.09296875
1 0.52109375 0.8390625 0.046875 0.07890625
1 0.584375 0.8109375 0.0359375 0.09296875
1 0.63359375 0.79609375 0.04453125 0.0640625
1 0.5875 0.7140625 0.03046875 0.07109375
1 0.6234375 0.8609375 0.025 0.07890625
1 0.8125 0.91796875 0.053125 0.07890625
1 0.878125 0.75 0.03359375 0.12890625
1 0.38359375 0.29296875 0.0609375 0.1140625