1 0.2921875 0.58984375 0.04375 0.021875
1 0.3046875 0.61171875 0.04375 0.021875
1 0.11953125 0.58359375 0.05 0.021875
1 0.07890625 0.61328125 0.04375 0.025
1 0.13203125 0.60390625 0.0375 0.025
1 0.08515625 0.59296875 0.04375 0.021875
1 0.0125 0.62734375 0.025 0.021875
1 0.046875 0.66171875 0.03125 0.021875
1 0.11328125 0.64140625 0.0375 0.01875
1 0.13515625 0.65546875 0.03125 0.021875
1 0.11953125 0.68515625 0.0375 0.01875
1 0.08828125 0.68359375 0.0375 0.021875
1 0.1984375 0.728125 0.04375 0.021875
1 0.2453125 0.7078125 0.0375 0.025
1 0.2015625 0.62890625 0.0375 0.025
1 0.2109375 0.64296875 0.04375 0.021875
1 0.2390625 0.65390625 0.05 0.025
1 0.05 0.7421875 0.0375 0.025
1 0.13203125 0.746875 0.0375 0.021875
1 0.08203125 0.83046875 0.0375 0.025
1 0.08515625 0.85078125 0.04375 0.021875
1 0.1953125 0.91171875 0.05 0.025
1 0.13828125 0.9484375 0.0375 0.021875
1 0.17578125 0.83671875 0.0375 0.025
1 0.2453125 0.85546875 0.0375 0.025
1 0.2171875 0.87265625 0.03125 0.021875
1 0.18203125 0.9703125 0.0375 0.015625
1 0.2515625 0.92265625 0.0375 0.021875
1 0.2890625 0.92421875 0.0375 0.01875
1 0.31484375 0.946875 0.0375 0.01875
1 0.39296875 0.9828125 0.04375 0.021875
1 0.33984375 0.96875 0.0375 0.01875
1 0.38984375 0.9546875 0.05 0.021875
1 0.453125 0.9625 0.0375 0.01875
1 0.34296875 0.91484375 0.03125 0.01875
1 0.38359375 0.90390625 0.0375 0.021875
1 0.42421875 0.90234375 0.03125 0.025
1 0.2953125 0.85390625 0.0375 0.021875
1 0.35859375 0.84296875 0.0375 0.01875
1 0.38359375 0.83046875 0.0375 0.025
1 0.44375 0.92109375 0.04375 0.025
1 0.471875 0.87578125 0.0375 0.021875
1 0.446875 0.8046875 0.0375 0.025
1 0.34921875 0.8046875 0.03125 0.01875
1 0.37421875 0.7953125 0.03125 0.01875
1 0.509375 0.82109375 0.0375 0.01875
1 0.4875 0.85546875 0.04375 0.025
1 0.503125 0.83515625 0.0375 0.021875
1 0.553125 0.84609375 0.0375 0.025
1 0.57890625 0.84765625 0.0375 0.021875
1 0.55625 0.8046875 0.03125 0.01875
1 0.540625 0.7921875 0.0375 0.01875
1 0.553125 0.7765625 0.0375 0.01875
1 0.453125 0.7765625 0.0375 0.01875
1 0.39296875 0.759375 0.03125 0.021875
1 0.37421875 0.7375 0.04375 0.021875
1 0.2484375 0.7515625 0.04375 0.025
1 0.33046875 0.68671875 0.04375 0.021875
1 0.36796875 0.62421875 0.03125 0.021875
1 0.42109375 0.61171875 0.0375 0.021875
1 0.40859375 0.6921875 0.0375 0.025
1 0.42734375 0.746875 0.0375 0.021875
1 0.39609375 0.7234375 0.05 0.025
1 0.48125 0.696875 0.03125 0.021875
1 0.496875 0.65859375 0.0375 0.021875
1 0.51875 0.62890625 0.04375 0.025
1 0.57265625 0.67578125 0.0375 0.025
1 0.51875 0.68203125 0.04375 0.025
1 0.59453125 0.7 0.05625 0.028125
1 0.61640625 0.80625 0.0375 0.021875
1 0.60703125 0.83046875 0.04375 0.025
1 0.55625 0.91328125 0.04375 0.021875
1 0.60703125 0.87421875 0.04375 0.025
1 0.62890625 0.89921875 0.0375 0.025
1 0.7171875 0.86640625 0.0375 0.028125
1 0.64765625 0.7984375 0.05 0.025
1 0.67890625 0.7671875 0.05 0.03125
1 0.7296875 0.88984375 0.0375 0.025
1 0.7515625 0.87421875 0.04375 0.025
1 0.6984375 0.82421875 0.0375 0.025
1 0.7078125 0.7296875 0.04375 0.025
1 0.7484375 0.746875 0.0375 0.021875
1 0.7859375 0.76875 0.05 0.028125
1 0.7109375 0.67265625 0.0375 0.025
1 0.7484375 0.65859375 0.0375 0.021875
1 0.7390625 0.64296875 0.04375 0.015625
1 0.7390625 0.59609375 0.04375 0.021875
1 0.7296875 0.58046875 0.05 0.015625
1 0.7703125 0.58203125 0.05625 0.01875
1 0.7671875 0.59921875 0.05 0.021875
1 0.83359375 0.70625 0.04375 0.028125
1 0.85234375 0.6984375 0.04375 0.025
1 0.87421875 0.67578125 0.05 0.025
1 0.87421875 0.63359375 0.05 0.028125
1 0.89921875 0.65234375 0.05 0.028125
1 0.940625 0.63828125 0.04375 0.01875
1 0.953125 0.65390625 0.05625 0.025
1 0.83359375 0.76875 0.05625 0.028125
1 0.89609375 0.765625 0.04375 0.021875
1 0.7890625 0.83046875 0.04375 0.025
1 0.83671875 0.84453125 0.05 0.028125
1 0.953125 0.86484375 0.04375 0.025
1 0.9625 0.91171875 0.05 0.025
1 0.86171875 0.90703125 0.05 0.021875
1 0.95625 0.81796875 0.05 0.025
1 0.9625 0.60546875 0.05 0.021875
1 0.87734375 0.74375 0.04375 0.021875
1 0.975 0.71875 0.0375 0.028125
1 0.046875 0.9671875 0.04375 0.021875
1 0.2515625 0.971875 0.0375 0.01875
1 0.17890625 0.778125 0.04375 0.021875