0 0.28359375 0.8953125 0.0328125 0.04375
0 0.1734375 0.8734375 0.02890625 0.0328125
0 0.17109375 0.90078125 0.0328125 0.04375
0 0.4859375 0.8765625 0.0328125 0.04921875
0 0.1984375 0.7359375 0.02890625 0.0546875
0 0.1765625 0.64296875 0.0359375 0.04375
0 0.0796875 0.56015625 0.021875 0.04375
0 0.103125 0.4671875 0.025 0.04375
0 0.140625 0.43671875 0.02890625 0.04921875
0 0.1296875 0.16796875 0.021875 0.04921875
0 0.5109375 0.746875 0.025 0.04375
0 0.4078125 0.615625 0.021875 0.0328125
0 0.07578125 0.40078125 0.021875 0.04375
0 0.39921875 0.0109375 0.025 0.021875
0 0.234375 0.32109375 0.021875 0.03828125
0 0.19296875 0.16171875 0.025 0.03828125
0 0.56875 0.225 0.025 0.04375
0 0.4671875 0.0546875 0.0328125 0.0546875
0 0.5359375 0.07421875 0.025 0.04921875
0 0.16953125 0.115625 0.02890625 0.0328125
0 0.4046875 0.1484375 0.02890625 0.04375
0 0.1859375 0.39296875 0.025 0.03828125
0 0.4046875 0.84609375 0.02890625 0.04375
0 0.38125 0.60703125 0.025 0.03828125
0 0.40625 0.75 0.025 0.03828125
0 0.50703125 0.56328125 0.025 0.03828125
0 0.0359375 0.32109375 0.02890625 0.04921875
0 0.1734375 0.021875 0.0359375 0.04375
0 0.490625 0.06875 0.02890625 0.03828125
0 0.51796875 0.09375 0.0328125 0.0546875
0 0.2203125 0.5359375 0.0359375 0.04921875
0 0.640625 0.1953125 0.0328125 0.04921875
0 0.6625 0.1015625 0.0328125 0.04921875
0 0.8265625 0.24140625 0.02890625 0.04375
0 0.8375 0.253125 0.02890625 0.04375
0 0.43671875 0.27734375 0.02890625 0.03828125
0 0.49296875 0.32109375 0.025 0.03828125
0 0.46015625 0.6734375 0.025 0.04921875
0 0.4765625 0.23359375 0.0359375 0.04921875
0 0.44375 0.17578125 0.021875 0.04375
0 0.2578125 0.08203125 0.025 0.0328125
0 0.59921875 0.271875 0.021875 0.03828125
0 0.44765625 0.4890625 0.021875 0.0328125
0 0.290625 0.47265625 0.025 0.04375
0 0.5109375 0.88984375 0.0328125 0.04375
0 0.53828125 0.2859375 0.0359375 0.04375
0 0.36484375 0.1265625 0.02890625 0.04375
0 0.1609375 0.33203125 0.0328125 0.06015625
0 0.325 0.32421875 0.0359375 0.04375
0 0.3265625 0.61015625 0.025 0.04375
0 0.34296875 0.615625 0.02890625 0.04375