2 0.234375 0.55625 0.02890625 0.025
2 0.24140625 0.57265625 0.02421875 0.025
2 0.24609375 0.4171875 0.0140625 0.02109375
2 0.22734375 0.39609375 0.02421875 0.02109375
2 0.30859375 0.425 0.02421875 0.02109375
2 0.315625 0.44609375 0.02890625 0.02890625
2 0.315625 0.38359375 0.01875 0.02109375
2 0.24140625 0.3734375 0.02421875 0.01640625
2 0.24140625 0.36328125 0.02421875 0.02109375
2 0.27265625 0.48515625 0.01875 0.01640625
2 0.27265625 0.53515625 0.01875 0.01640625
2 0.2609375 0.53515625 0.02421875 0.025
2 0.284375 0.56015625 0.02421875 0.025
2 0.2515625 0.4375 0.02421875 0.02109375
2 0.23671875 0.43984375 0.02421875 0.01640625
2 0.28984375 0.3921875 0.02421875 0.02109375
2 0.34921875 0.3109375 0.02890625 0.025
2 0.35625 0.3296875 0.03359375 0.02890625
2 0.2921875 0.30703125 0.02890625 0.025
2 0.3109375 0.29453125 0.02890625 0.025
2 0.26796875 0.31953125 0.02890625 0.025
2 0.3328125 0.278125 0.02421875 0.025
2 0.38515625 0.30703125 0.02421875 0.025
2 0.38984375 0.296875 0.02421875 0.02109375
2 0.28984375 0.3734375 0.02421875 0.025
2 0.37109375 0.3734375 0.02421875 0.025
2 0.3921875 0.3421875 0.02890625 0.02890625
2 0.3609375 0.39609375 0.02421875 0.02109375
2 0.34921875 0.425 0.01875 0.02109375
2 0.34453125 0.44375 0.02890625 0.025
2 0.41171875 0.315625 0.02890625 0.025
2 0.428125 0.2921875 0.02421875 0.02109375
2 0.27265625 0.26796875 0.02890625 0.02890625
2 0.47578125 0.28203125 0.02421875 0.025
2 0.51171875 0.309375 0.02890625 0.02890625
2 0.43515625 0.475 0.02890625 0.02109375
2 0.409375 0.48984375 0.02421875 0.025
2 0.4140625 0.50234375 0.02421875 0.025
2 0.47578125 0.5515625 0.02421875 0.025
2 0.47578125 0.5765625 0.02421875 0.025
2 0.5953125 0.38828125 0.02421875 0.02109375
2 0.540625 0.328125 0.02890625 0.025
2 0.703125 0.46484375 0.02890625 0.025
2 0.64609375 0.40625 0.02890625 0.025
2 0.58125 0.4296875 0.02421875 0.02109375
2 0.55 0.4046875 0.02890625 0.02890625
2 0.5953125 0.4484375 0.02421875 0.025
2 0.74375 0.46484375 0.02421875 0.025
2 0.7796875 0.45859375 0.02890625 0.02109375
2 0.5765625 0.3546875 0.02421875 0.02109375
2 0.59296875 0.36328125 0.02890625 0.02109375
2 0.55 0.25703125 0.02890625 0.025
2 0.58125 0.253125 0.03359375 0.025