0 0.84921875 0.35078125 0.046875 0.0421875
0 0.6265625 0.29375 0.05 0.0390625
0 0.78359375 0.45703125 0.0390625 0.0359375
0 0.7921875 0.4296875 0.0359375 0.03125
0 0.75390625 0.36953125 0.0390625 0.028125
0 0.72734375 0.3421875 0.040625 0.034375
0 0.61328125 0.4984375 0.0390625 0.0375
0 0.66640625 0.45625 0.046875 0.0421875
0 0.6953125 0.45390625 0.0421875 0.046875
0 0.48984375 0.41796875 0.046875 0.034375
0 0.47421875 0.43046875 0.040625 0.0328125
0 0.43203125 0.39296875 0.05625 0.046875
0 0.421875 0.44375 0.046875 0.0421875
0 0.35703125 0.41171875 0.040625 0.03125
0 0.57578125 0.4625 0.046875 0.0421875
0 0.40546875 0.40703125 0.040625 0.04375