2 0.4890625 0.228125 0.0703125 0.0453125
2 0.61953125 0.20859375 0.0671875 0.046875
2 0.73203125 0.1859375 0.071875 0.05
2 0.8734375 0.18671875 0.0703125 0.0421875
2 0.80390625 0.221875 0.0453125 0.03125
2 0.71796875 0.303125 0.071875 0.0484375
2 0.66640625 0.15 0.0578125 0.034375
2 0.67578125 0.165625 0.0609375 0.0421875
2 0.60625 0.1328125 0.053125 0.034375
2 0.5203125 0.171875 0.059375 0.0375
2 0.4390625 0.21953125 0.065625 0.04375
2 0.3515625 0.26484375 0.0703125 0.04375
2 0.41015625 0.30390625 0.071875 0.046875
2 0.2625 0.21328125 0.0765625 0.0453125
2 0.39296875 0.19375 0.0578125 0.0375
2 0.31328125 0.2421875 0.0609375 0.0421875
2 0.575 0.28203125 0.0703125 0.04375
2 0.54140625 0.28125 0.0671875 0.0484375
2 0.48984375 0.25078125 0.059375 0.0453125
2 0.40234375 0.3359375 0.059375 0.0359375
2 0.52578125 0.33515625 0.0703125 0.04375
2 0.5796875 0.34140625 0.0703125 0.04375
2 0.6921875 0.34296875 0.0890625 0.053125
2 0.6375 0.340625 0.0640625 0.040625
2 0.79921875 0.35078125 0.059375 0.0421875
2 0.8921875 0.35859375 0.0640625 0.0421875
2 0.58125 0.41484375 0.071875 0.0484375
2 0.14375 0.32890625 0.0640625 0.0421875
2 0.07421875 0.31875 0.071875 0.0484375
2 0.06875 0.29140625 0.071875 0.0515625
2 0.74375 0.41484375 0.0515625 0.034375
2 0.734375 0.4453125 0.059375 0.0421875
2 0.69453125 0.48359375 0.0609375 0.053125
2 0.73359375 0.49765625 0.0734375 0.0546875
2 0.69296875 0.54296875 0.075 0.0609375
2 0.59921875 0.44296875 0.0625 0.0515625
2 0.5515625 0.4890625 0.0734375 0.0546875
2 0.49296875 0.49375 0.0671875 0.046875
2 0.440625 0.51796875 0.0609375 0.0453125
2 0.40625 0.534375 0.0609375 0.0453125
2 0.409375 0.375 0.0703125 0.059375
2 0.42421875 0.40078125 0.0625 0.0546875
2 0.32734375 0.46328125 0.065625 0.05
2 0.27734375 0.49140625 0.065625 0.0453125
2 0.27578125 0.31328125 0.0546875 0.04375
2 0.29609375 0.37265625 0.0734375 0.0546875
2 0.24921875 0.3484375 0.078125 0.0484375
2 0.2921875 0.34609375 0.065625 0.04375
2 0.25703125 0.43359375 0.071875 0.05
2 0.15546875 0.365625 0.0609375 0.0546875
2 0.12265625 0.40546875 0.0703125 0.04375
2 0.9375 0.50859375 0.065625 0.0484375
2 0.890625 0.5234375 0.0671875 0.0515625
2 0.8625 0.55625 0.0609375 0.0546875
2 0.5171875 0.6640625 0.059375 0.0359375
2 0.6265625 0.6859375 0.05 0.0265625
2 0.62734375 0.7046875 0.05 0.0296875
2 0.61015625 0.71484375 0.0453125 0.028125
2 0.7015625 0.74609375 0.04375 0.0296875
2 0.596875 0.74765625 0.0578125 0.034375
2 0.63671875 0.75859375 0.046875 0.0359375
2 0.734375 0.77578125 0.0421875 0.0328125
2 0.7609375 0.7796875 0.0453125 0.0359375
2 0.73515625 0.796875 0.053125 0.0390625
2 0.65859375 0.83828125 0.0546875 0.04375
2 0.64375 0.87421875 0.053125 0.0390625
2 0.584375 0.8796875 0.059375 0.0375
2 0.4890625 0.74609375 0.0515625 0.0328125
2 0.425 0.665625 0.0453125 0.0328125
2 0.44765625 0.67421875 0.046875 0.034375
2 0.371875 0.64296875 0.0515625 0.03125
2 0.43515625 0.7421875 0.0390625 0.028125
2 0.365625 0.74765625 0.040625 0.028125
2 0.4125 0.78515625 0.0515625 0.03125
2 0.35859375 0.77734375 0.040625 0.025
2 0.2734375 0.73515625 0.0453125 0.0296875
2 0.23671875 0.71015625 0.046875 0.03125
2 0.2140625 0.715625 0.0390625 0.028125
2 0.45 0.83359375 0.05 0.03125
2 0.45078125 0.84453125 0.04375 0.028125
2 0.47109375 0.865625 0.0609375 0.0421875
2 0.36875 0.81484375 0.0515625 0.0328125
2 0.4953125 0.9046875 0.065625 0.040625
2 0.6125 0.92890625 0.05 0.03125
2 0.33515625 0.84375 0.046875 0.034375
2 0.4078125 0.92578125 0.0484375 0.0328125
2 0.31953125 0.89609375 0.0515625 0.0328125
2 0.2578125 0.84375 0.0515625 0.0328125
2 0.209375 0.74765625 0.0328125 0.0265625
2 0.17734375 0.72734375 0.0484375 0.04375